 1 1 0 312.331879
 1 2 0 312.352661
 1 3 0 312.373474
 1 4 0 312.394226
 1 5 0 312.415009
 1 6 0 312.435791
 1 7 0 312.456573
 1 8 0 312.477325
 1 9 0 312.498047
 1 10 0 312.518799
 1 11 0 312.53952
 1 12 0 312.560242
 1 13 0 312.580902
 1 14 0 312.601593
 1 15 0 312.622284
 1 16 0 312.642914
 1 17 0 312.663513
 1 18 0 312.684113
 1 19 0 312.704681
 1 20 0 312.72525
 1 21 0 312.745758
 1 22 0 312.766266
 1 23 0 312.786743
 1 24 0 312.807159
 1 25 0 312.827576
 1 26 0 312.847961
 1 27 0 312.868286
 1 28 0 312.888611
 1 29 0 312.908875
 1 30 0 312.929108
 1 31 0 312.94931
 1 32 0 312.969482
 1 33 0 312.989563
 1 34 0 313.009644
 1 35 0 313.029694
 1 36 0 313.049652
 1 37 0 313.069611
 1 38 0 313.089478
 1 39 0 313.109344
 1 40 0 313.12912
 1 41 0 313.148865
 1 42 0 313.168518
 1 43 0 313.188202
 1 44 0 313.207764
 1 45 0 313.227264
 1 46 0 313.246765
 1 47 0 313.266144
 1 48 0 313.285492
 1 49 0 313.304779
 1 50 0 313.32428
 1 51 0 313.343872
 1 52 0 313.363342
 1 53 0 313.382751
 1 54 0 313.4021
 1 55 0 313.421356
 1 56 0 313.440552
 1 57 0 313.459686
 1 58 0 313.478729
 1 59 0 313.497742
 1 60 0 313.516632
 1 61 0 313.535461
 1 62 0 313.554199
 1 63 0 313.572876
 1 64 0 313.591461
 1 65 0 313.609955
 1 66 0 313.628387
 1 67 0 313.646729
 1 68 0 313.664978
 1 69 0 313.683167
 1 70 0 313.701233
 1 71 0 313.719208
 1 72 0 313.737122
 1 73 0 313.754944
 1 74 0 313.772644
 1 75 0 313.790283
 1 76 0 313.8078
 1 77 0 313.825226
 1 78 0 313.84256
 1 79 0 313.859802
 1 80 0 313.876953
 1 81 0 313.893982
 1 82 0 313.910919
 1 83 0 313.927734
 1 84 0 313.944489
 1 85 0 313.96109
 1 86 0 313.977631
 1 87 0 313.994049
 1 88 0 314.010345
 1 89 0 314.02655
 1 90 0 314.042633
 1 91 0 314.058624
 1 92 0 314.074493
 1 93 0 314.09024
 1 94 0 314.105865
 1 95 0 314.121399
 1 96 0 314.13681
 1 97 0 314.1521
 1 98 0 314.167267
 1 99 0 314.182343
 1 100 0 314.197266
 1 101 0 314.212067
 1 102 0 314.226776
 1 103 0 314.241333
 1 104 0 314.255798
 1 105 0 314.270111
 1 106 0 314.284302
 1 107 0 314.298401
 1 108 0 314.312317
 1 109 0 314.326141
 1 110 0 314.339813
 1 111 0 314.353394
 1 112 0 314.366821
 1 113 0 314.380096
 1 114 0 314.39328
 1 115 0 314.406281
 1 116 0 314.419189
 1 117 0 314.431946
 1 118 0 314.44458
 1 119 0 314.457062
 1 120 0 314.469421
 1 121 0 314.481628
 1 122 0 314.493683
 1 123 0 314.505615
 1 124 0 314.517426
 1 125 0 314.529053
 1 126 0 314.540588
 1 127 0 314.551941
 1 128 0 314.563171
 1 129 0 314.574249
 1 130 0 314.585175
 1 131 0 314.595978
 1 132 0 314.606598
 1 133 0 314.617096
 1 134 0 314.627441
 1 135 0 314.637665
 1 136 0 314.647705
 1 137 0 314.657593
 1 138 0 314.667358
 1 139 0 314.676941
 1 140 0 314.686371
 1 141 0 314.695679
 1 142 0 314.704803
 1 143 0 314.713806
 1 144 0 314.722626
 1 145 0 314.731323
 1 146 0 314.739838
 1 147 0 314.74823
 1 148 0 314.756439
 1 149 0 314.764465
 1 150 0 314.772369
 1 151 0 314.780121
 1 152 0 314.78772
 1 153 0 314.795135
 1 154 0 314.802399
 1 155 0 314.809509
 1 156 0 314.816437
 1 157 0 314.823242
 1 158 0 314.829865
 1 159 0 314.836304
 1 160 0 314.842621
 1 161 0 314.848755
 1 162 0 314.854706
 1 163 0 314.860535
 1 164 0 314.866211
 1 165 0 314.871674
 1 166 0 314.876984
 1 167 0 314.882141
 1 168 0 314.887115
 1 169 0 314.891968
 1 170 0 314.896637
 1 171 0 314.901123
 1 172 0 314.905426
 1 173 0 314.909576
 1 174 0 314.913605
 1 175 0 314.91745
 1 176 0 314.921112
 1 177 0 314.924591
 1 178 0 314.927917
 1 179 0 314.931061
 1 180 0 314.934082
 1 181 0 314.93689
 1 182 0 314.939545
 1 183 0 314.942017
 1 184 0 314.944336
 1 185 0 314.946503
 1 186 0 314.948456
 1 187 0 314.950287
 1 188 0 314.951904
 1 189 0 314.9534
 1 190 0 314.954681
 1 191 0 314.955811
 1 192 0 314.956787
 1 193 0 314.957581
 1 194 0 314.958191
 1 195 0 314.958649
 1 196 0 314.958954
 1 197 0 314.959045
 1 198 0 314.958984
 1 199 0 314.958771
 1 200 0 314.958374
 1 201 0 314.957825
 1 202 0 314.957092
 1 203 0 314.956177
 1 204 0 314.955109
 1 205 0 314.953857
 1 206 0 314.952454
 1 207 0 314.950867
 1 208 0 314.949127
 1 209 0 314.947205
 1 210 0 314.945099
 1 211 0 314.942841
 1 212 0 314.94046
 1 213 0 314.937836
 1 214 0 314.935059
 1 215 0 314.932129
 1 216 0 314.929047
 1 217 0 314.925751
 1 218 0 314.922302
 1 219 0 314.918732
 1 220 0 314.914948
 1 221 0 314.911011
 1 222 0 314.906921
 1 223 0 314.902649
 1 224 0 314.898193
 1 225 0 314.893585
 1 226 0 314.888824
 1 227 0 314.883881
 1 228 0 314.878784
 1 229 0 314.873505
 1 230 0 314.868103
 1 231 0 314.862488
 1 232 0 314.85675
 1 233 0 314.85083
 1 234 0 314.844757
 1 235 0 314.838501
 1 236 0 314.832092
 1 237 0 314.8255
 1 238 0 314.818817
 1 239 0 314.81192
 1 240 0 314.80484
 1 241 0 314.797638
 1 242 0 314.790283
 1 243 0 314.782745
 1 244 0 314.775055
 1 245 0 314.767212
 1 246 0 314.759216
 1 247 0 314.751068
 1 248 0 314.742737
 1 249 0 314.734283
 1 250 0 314.725647
 1 251 0 314.716858
 1 252 0 314.707947
 1 253 0 314.698822
 1 254 0 314.689606
 1 255 0 314.680206
 1 256 0 314.670654
 1 257 0 314.66095
 1 258 0 314.651123
 1 259 0 314.641113
 1 260 0 314.630951
 1 261 0 314.620667
 1 262 0 314.610229
 1 263 0 314.59964
 1 264 0 314.588898
 1 265 0 314.578033
 1 266 0 314.566956
 1 267 0 314.555817
 1 268 0 314.544495
 1 269 0 314.533051
 1 270 0 314.521454
 1 271 0 314.509705
 1 272 0 314.497803
 1 273 0 314.485779
 1 274 0 314.473633
 1 275 0 314.461334
 1 276 0 314.448883
 1 277 0 314.43631
 1 278 0 314.423584
 1 279 0 314.410736
 1 280 0 314.397766
 1 281 0 314.384644
 1 282 0 314.371399
 1 283 0 314.358002
 1 284 0 314.344482
 1 285 0 314.330841
 1 286 0 314.317078
 1 287 0 314.303192
 1 288 0 314.289154
 1 289 0 314.274994
 1 290 0 314.260712
 1 291 0 314.246307
 1 292 0 314.231812
 1 293 0 314.217133
 1 294 0 314.202362
 1 295 0 314.187439
 1 296 0 314.172455
 1 297 0 314.157288
 1 298 0 314.142059
 1 299 0 314.126678
 1 300 0 314.111206
 1 301 0 314.095612
 1 302 0 314.079895
 1 303 0 314.064056
 1 304 0 314.048126
 1 305 0 314.032074
 1 306 0 314.01593
 1 307 0 313.999634
 1 308 0 313.983276
 1 309 0 313.966797
 1 310 0 313.950195
 1 311 0 313.933502
 1 312 0 313.916687
 1 313 0 313.89978
 1 314 0 313.882782
 1 315 0 313.865692
 1 316 0 313.84848
 1 317 0 313.831177
 1 318 0 313.813782
 1 319 0 313.796295
 1 320 0 313.778687
 1 321 0 313.761017
 1 322 0 313.743225
 1 323 0 313.725372
 1 324 0 313.707397
 1 325 0 313.689362
 1 326 0 313.671204
 1 327 0 313.652985
 1 328 0 313.634644
 1 329 0 313.616272
 1 330 0 313.597778
 1 331 0 313.579254
 1 332 0 313.560577
 1 333 0 313.54187
 1 334 0 313.523071
 1 335 0 313.504211
 1 336 0 313.485229
 1 337 0 313.466217
 1 338 0 313.447113
 1 339 0 313.427917
 1 340 0 313.408691
 1 341 0 313.389374
 1 342 0 313.369965
 1 343 0 313.350525
 1 344 0 313.330994
 1 345 0 313.311401
 1 346 0 313.292084
 1 347 0 313.272736
 1 348 0 313.253357
 1 349 0 313.233917
 1 350 0 313.214386
 1 351 0 313.194855
 1 352 0 313.175232
 1 353 0 313.155548
 1 354 0 313.135834
 1 355 0 313.116028
 1 356 0 313.096191
 1 357 0 313.076355
 1 358 0 313.056396
 1 359 0 313.036407
 1 360 0 313.016418
 1 361 0 312.996338
 1 362 0 312.976257
 1 363 0 312.956085
 1 364 0 312.935913
 1 365 0 312.91568
 1 366 0 312.895416
 1 367 0 312.875122
 1 368 0 312.854797
 1 369 0 312.834412
 1 370 0 312.814026
 1 371 0 312.793579
 1 372 0 312.773132
 1 373 0 312.752625
 1 374 0 312.732117
 1 375 0 312.711548
 1 376 0 312.690979
 1 377 0 312.67038
 1 378 0 312.64975
 1 379 0 312.62912
 1 380 0 312.608459
 1 381 0 312.587799
 1 382 0 312.567078
 1 383 0 312.546356
 1 384 0 312.525635
 1 385 0 312.504913
 1 386 0 312.484161
 1 387 0 312.463379
 1 388 0 312.442627
 1 389 0 312.421844
 1 390 0 312.401062
 1 391 0 312.38028
 1 392 0 312.359467
 1 393 0 312.338684
 1 394 0 312.317871
 1 395 0 312.297058
 1 396 0 312.276276
 1 397 0 312.255463
 1 398 0 312.23468
 1 399 0 312.213867
 1 400 0 312.193115
 1 401 0 312.172302
 1 402 0 312.15155
 1 403 0 312.130798
 1 404 0 312.110046
 1 405 0 312.089325
 1 406 0 312.068604
 1 407 0 312.047913
 1 408 0 312.027222
 1 409 0 312.006531
 1 410 0 311.985901
 1 411 0 311.965271
 1 412 0 311.944672
 1 413 0 311.924072
 1 414 0 311.903503
 1 415 0 311.882996
 1 416 0 311.862488
 1 417 0 311.84201
 1 418 0 311.821564
 1 419 0 311.801147
 1 420 0 311.780762
 1 421 0 311.760406
 1 422 0 311.740082
 1 423 0 311.719788
 1 424 0 311.699554
 1 425 0 311.679352
 1 426 0 311.65918
 1 427 0 311.639038
 1 428 0 311.618958
 1 429 0 311.598938
 1 430 0 311.578918
 1 431 0 311.55899
 1 432 0 311.539093
 1 433 0 311.519226
 1 434 0 311.49942
 1 435 0 311.479645
 1 436 0 311.459961
 1 437 0 311.440308
 1 438 0 311.420715
 1 439 0 311.401184
 1 440 0 311.381683
 1 441 0 311.362274
 1 442 0 311.342896
 1 443 0 311.323608
 1 444 0 311.304352
 1 445 0 311.285156
 1 446 0 311.266052
 1 447 0 311.247009
 1 448 0 311.228058
 1 449 0 311.209503
 1 450 0 311.19104
 1 451 0 311.172638
 1 452 0 311.154266
 1 453 0 311.135986
 1 454 0 311.117798
 1 455 0 311.09967
 1 456 0 311.081604
 1 457 0 311.06366
 1 458 0 311.045746
 1 459 0 311.027924
 1 460 0 311.010162
 1 461 0 310.992523
 1 462 0 310.974945
 1 463 0 310.957428
 1 464 0 310.940033
 1 465 0 310.922699
 1 466 0 310.905426
 1 467 0 310.888275
 1 468 0 310.871185
 1 469 0 310.854218
 1 470 0 310.837311
 1 471 0 310.820496
 1 472 0 310.803802
 1 473 0 310.78717
 1 474 0 310.77063
 1 475 0 310.754211
 1 476 0 310.737854
 1 477 0 310.721619
 1 478 0 310.705475
 1 479 0 310.689423
 1 480 0 310.673462
 1 481 0 310.657623
 1 482 0 310.641876
 1 483 0 310.626221
 1 484 0 310.610687
 1 485 0 310.595245
 1 486 0 310.579926
 1 487 0 310.564697
 1 488 0 310.549591
 1 489 0 310.534576
 1 490 0 310.519684
 1 491 0 310.504883
 1 492 0 310.490204
 1 493 0 310.475647
 1 494 0 310.461182
 1 495 0 310.446838
 1 496 0 310.432617
 1 497 0 310.418518
 1 498 0 310.40451
 1 499 0 310.390625
 1 500 0 310.376892
 1 501 0 310.36322
 1 502 0 310.349701
 1 503 0 310.336304
 1 504 0 310.323029
 1 505 0 310.309875
 1 506 0 310.296844
 1 507 0 310.283936
 1 508 0 310.271149
 1 509 0 310.258484
 1 510 0 310.245941
 1 511 0 310.233521
 1 512 0 310.221222
 1 513 0 310.209076
 1 514 0 310.197052
 1 515 0 310.18515
 1 516 0 310.173401
 1 517 0 310.161743
 1 518 0 310.150238
 1 519 0 310.138885
 1 520 0 310.127655
 1 521 0 310.116547
 1 522 0 310.10556
 1 523 0 310.094727
 1 524 0 310.084045
 1 525 0 310.073486
 1 526 0 310.063049
 1 527 0 310.052765
 1 528 0 310.042633
 1 529 0 310.032593
 1 530 0 310.022736
 1 531 0 310.013
 1 532 0 310.003418
 1 533 0 309.993988
 1 534 0 309.98468
 1 535 0 309.975525
 1 536 0 309.966492
 1 537 0 309.957611
 1 538 0 309.948883
 1 539 0 309.940308
 1 540 0 309.931885
 1 541 0 309.923584
 1 542 0 309.915436
 1 543 0 309.90741
 1 544 0 309.899567
 1 545 0 309.891876
 1 546 0 309.884308
 1 547 0 309.876892
 1 548 0 309.869659
 1 549 0 309.862518
 1 550 0 309.85556
 1 551 0 309.848755
 1 552 0 309.842102
 1 553 0 309.835602
 1 554 0 309.829224
 1 555 0 309.823029
 1 556 0 309.816986
 1 557 0 309.811096
 1 558 0 309.805328
 1 559 0 309.799744
 1 560 0 309.794312
 1 561 0 309.789032
 1 562 0 309.783905
 1 563 0 309.778931
 1 564 0 309.774109
 1 565 0 309.76944
 1 566 0 309.764923
 1 567 0 309.76059
 1 568 0 309.756409
 1 569 0 309.75235
 1 570 0 309.748474
 1 571 0 309.744751
 1 572 0 309.74118
 1 573 0 309.737762
 1 574 0 309.734528
 1 575 0 309.731415
 1 576 0 309.728485
 1 577 0 309.725708
 1 578 0 309.723083
 1 579 0 309.720642
 1 580 0 309.718323
 1 581 0 309.716187
 1 582 0 309.714172
 1 583 0 309.712372
 1 584 0 309.710693
 1 585 0 309.709198
 1 586 0 309.707855
 1 587 0 309.706665
 1 588 0 309.705627
 1 589 0 309.704742
 1 590 0 309.704041
 1 591 0 309.703491
 1 592 0 309.703125
 1 593 0 309.702881
 1 594 0 309.70282
 1 595 0 309.702911
 1 596 0 309.703156
 1 597 0 309.703552
 1 598 0 309.704132
 1 599 0 309.704865
 1 600 0 309.70575
 1 601 0 309.706787
 1 602 0 309.707977
 1 603 0 309.709381
 1 604 0 309.710876
 1 605 0 309.712585
 1 606 0 309.714417
 1 607 0 309.716431
 1 608 0 309.718597
 1 609 0 309.720886
 1 610 0 309.723389
 1 611 0 309.726013
 1 612 0 309.728821
 1 613 0 309.731781
 1 614 0 309.734894
 1 615 0 309.738159
 1 616 0 309.741577
 1 617 0 309.745178
 1 618 0 309.748932
 1 619 0 309.752808
 1 620 0 309.756866
 1 621 0 309.761078
 1 622 0 309.765442
 1 623 0 309.769958
 1 624 0 309.774658
 1 625 0 309.77948
 1 626 0 309.784485
 1 627 0 309.789612
 1 628 0 309.794922
 1 629 0 309.800385
 1 630 0 309.806
 1 631 0 309.811768
 1 632 0 309.817688
 1 633 0 309.82373
 1 634 0 309.829956
 1 635 0 309.836334
 1 636 0 309.842865
 1 637 0 309.849518
 1 638 0 309.856354
 1 639 0 309.863342
 1 640 0 309.870453
 1 641 0 309.877747
 1 642 0 309.885162
 1 643 0 309.892731
 1 644 0 309.900452
 1 645 0 309.908325
 1 646 0 309.916351
 1 647 0 309.9245
 1 648 0 309.932831
 1 649 0 309.941284
 1 650 0 309.94989
 1 651 0 309.958618
 1 652 0 309.967529
 1 653 0 309.976563
 1 654 0 309.985718
 1 655 0 309.995056
 1 656 0 310.004517
 1 657 0 310.014099
 1 658 0 310.023865
 1 659 0 310.033752
 1 660 0 310.043762
 1 661 0 310.053925
 1 662 0 310.06424
 1 663 0 310.074677
 1 664 0 310.085236
 1 665 0 310.095978
 1 666 0 310.106812
 1 667 0 310.117798
 1 668 0 310.128906
 1 669 0 310.140167
 1 670 0 310.15155
 1 671 0 310.163086
 1 672 0 310.174713
 1 673 0 310.186493
 1 674 0 310.198395
 1 675 0 310.210449
 1 676 0 310.222626
 1 677 0 310.234924
 1 678 0 310.247345
 1 679 0 310.259918
 1 680 0 310.272583
 1 681 0 310.28537
 1 682 0 310.298309
 1 683 0 310.31134
 1 684 0 310.324524
 1 685 0 310.33783
 1 686 0 310.351227
 1 687 0 310.364777
 1 688 0 310.378418
 1 689 0 310.392212
 1 690 0 310.406097
 1 691 0 310.420105
 1 692 0 310.434235
 1 693 0 310.448456
 1 694 0 310.462799
 1 695 0 310.477264
 1 696 0 310.491852
 1 697 0 310.506561
 1 698 0 310.521362
 1 699 0 310.536255
 1 700 0 310.5513
 1 701 0 310.566406
 1 702 0 310.581635
 1 703 0 310.596985
 1 704 0 310.612427
 1 705 0 310.627991
 1 706 0 310.643646
 1 707 0 310.659393
 1 708 0 310.675262
 1 709 0 310.691223
 1 710 0 310.707275
 1 711 0 310.723419
 1 712 0 310.739685
 1 713 0 310.756012
 1 714 0 310.772461
 1 715 0 310.789001
 1 716 0 310.805634
 1 717 0 310.822357
 1 718 0 310.839172
 1 719 0 310.856079
 1 720 0 310.873108
 1 721 0 310.890167
 1 722 0 310.907349
 1 723 0 310.924591
 1 724 0 310.941925
 1 725 0 310.959351
 1 726 0 310.976868
 1 727 0 310.994446
 1 728 0 311.012115
 1 729 0 311.029877
 1 730 0 311.047699
 1 731 0 311.065613
 1 732 0 311.083588
 1 733 0 311.101654
 1 734 0 311.119781
 1 735 0 311.138
 1 736 0 311.156281
 1 737 0 311.174622
 1 738 0 311.193024
 1 739 0 311.211487
 1 740 0 311.230072
 1 741 0 311.249054
 1 742 0 311.268097
 1 743 0 311.287231
 1 744 0 311.306396
 1 745 0 311.325653
 1 746 0 311.344971
 1 747 0 311.364319
 1 748 0 311.383759
 1 749 0 311.403229
 1 750 0 311.422791
 1 751 0 311.442383
 1 752 0 311.462036
 1 753 0 311.48175
 1 754 0 311.501495
 1 755 0 311.521301
 1 756 0 311.541168
 1 757 0 311.561066
 1 758 0 311.581024
 1 759 0 311.601013
 1 760 0 311.621063
 1 761 0 311.641144
 1 762 0 311.661255
 1 763 0 311.681427
 1 764 0 311.70163
 1 765 0 311.721893
 1 766 0 311.742157
 1 767 0 311.762482
 1 768 0 311.782806
 1 769 0 311.803192
 1 770 0 311.823639
 1 771 0 311.844055
 1 772 0 311.864532
 1 773 0 311.88504
 1 774 0 311.905579
 1 775 0 311.926147
 1 776 0 311.946716
 1 777 0 311.967316
 1 778 0 311.987915
 1 779 0 312.008575
 1 780 0 312.029236
 1 781 0 312.049927
 1 782 0 312.070618
 1 783 0 312.091339
 1 784 0 312.112061
 1 785 0 312.132813
 1 786 0 312.153534
 1 787 0 312.174286
 1 788 0 312.195068
 1 789 0 312.215851
 1 790 0 312.236633
 1 791 0 312.257416
 1 792 0 312.278198
 1 793 0 312.299011
 1 794 0 312.319794
 1 795 0 312.340576
 1 796 0 312.361389
 1 797 0 312.382172
 1 798 0 312.402954
 1 799 0 312.423706
 1 800 0 312.444489
 1 801 0 312.46524
 1 802 0 312.485992
 1 803 0 312.506744
 1 804 0 312.527466
 1 805 0 312.548187
 1 806 0 312.568878
 1 807 0 312.589539
 1 808 0 312.610229
 1 809 0 312.630859
 1 810 0 312.651489
 1 811 0 312.672089
 1 812 0 312.692688
 1 813 0 312.713226
 1 814 0 312.733765
 1 815 0 312.754272
 1 816 0 312.77475
 1 817 0 312.795197
 1 818 0 312.815613
 1 819 0 312.835999
 1 820 0 312.856354
 1 821 0 312.876678
 1 822 0 312.896973
 1 823 0 312.917206
 1 824 0 312.937408
 1 825 0 312.957581
 1 826 0 312.977722
 1 827 0 312.997803
 1 828 0 313.017853
 1 829 0 313.037842
 1 830 0 313.05777
 1 831 0 313.077698
 1 832 0 313.097534
 1 833 0 313.117371
 1 834 0 313.137115
 1 835 0 313.15683
 1 836 0 313.176483
 1 837 0 313.196075
 1 838 0 313.215607
 1 839 0 313.235077
 1 840 0 313.254517
 1 841 0 313.273895
 1 842 0 313.293182
 1 843 0 313.3125
 1 844 0 313.332062
 1 845 0 313.351563
 1 846 0 313.370972
 1 847 0 313.39035
 1 848 0 313.409637
 1 849 0 313.428864
 1 850 0 313.447998
 1 851 0 313.467072
 1 852 0 313.486084
 1 853 0 313.505005
 1 854 0 313.523865
 1 855 0 313.542633
 1 856 0 313.56131
 1 857 0 313.579926
 1 858 0 313.59848
 1 859 0 313.616913
 1 860 0 313.635284
 1 861 0 313.653564
 1 862 0 313.671753
 1 863 0 313.68985
 1 864 0 313.707886
 1 865 0 313.7258
 1 866 0 313.743622
 1 867 0 313.761383
 1 868 0 313.779022
 1 869 0 313.79657
 1 870 0 313.814056
 1 871 0 313.831421
 1 872 0 313.848663
 1 873 0 313.865845
 1 874 0 313.882904
 1 875 0 313.899872
 1 876 0 313.916748
 1 877 0 313.933502
 1 878 0 313.950165
 1 879 0 313.966705
 1 880 0 313.983154
 1 881 0 313.999512
 1 882 0 314.015747
 1 883 0 314.03186
 1 884 0 314.047882
 1 885 0 314.063782
 1 886 0 314.079559
 1 887 0 314.095215
 1 888 0 314.110779
 1 889 0 314.126221
 1 890 0 314.141541
 1 891 0 314.156769
 1 892 0 314.171844
 1 893 0 314.186829
 1 894 0 314.201691
 1 895 0 314.2164
 1 896 0 314.231018
 1 897 0 314.245514
 1 898 0 314.259857
 1 899 0 314.274109
 1 900 0 314.288177
 1 901 0 314.302155
 1 902 0 314.31604
 1 903 0 314.329773
 1 904 0 314.343323
 1 905 0 314.356842
 1 906 0 314.370178
 1 907 0 314.383392
 1 908 0 314.396454
 1 909 0 314.409393
 1 910 0 314.42218
 1 911 0 314.434845
 1 912 0 314.447388
 1 913 0 314.459778
 1 914 0 314.472015
 1 915 0 314.4841
 1 916 0 314.496124
 1 917 0 314.507935
 1 918 0 314.519653
 1 919 0 314.531189
 1 920 0 314.542603
 1 921 0 314.553864
 1 922 0 314.565002
 1 923 0 314.575989
 1 924 0 314.586823
 1 925 0 314.597504
 1 926 0 314.608032
 1 927 0 314.618439
 1 928 0 314.628662
 1 929 0 314.638763
 1 930 0 314.648712
 1 931 0 314.658508
 1 932 0 314.668152
 1 933 0 314.677612
 1 934 0 314.686981
 1 935 0 314.696167
 1 936 0 314.7052
 1 937 0 314.714081
 1 938 0 314.722809
 1 939 0 314.731384
 1 940 0 314.739807
 1 941 0 314.748016
 1 942 0 314.756195
 1 943 0 314.76413
 1 944 0 314.771912
 1 945 0 314.77951
 1 946 0 314.787018
 1 947 0 314.794342
 1 948 0 314.801483
 1 949 0 314.808441
 1 950 0 314.815308
 1 951 0 314.821991
 1 952 0 314.828522
 1 953 0 314.834808
 1 954 0 314.841034
 1 955 0 314.847076
 1 956 0 314.852936
 1 957 0 314.858612
 1 958 0 314.864166
 1 959 0 314.869537
 1 960 0 314.874725
 1 961 0 314.879791
 1 962 0 314.884644
 1 963 0 314.889374
 1 964 0 314.893921
 1 965 0 314.898315
 1 966 0 314.902496
 1 967 0 314.906555
 1 968 0 314.910431
 1 969 0 314.914154
 1 970 0 314.917694
 1 971 0 314.921082
 1 972 0 314.924286
 1 973 0 314.927338
 1 974 0 314.930176
 1 975 0 314.932922
 1 976 0 314.935455
 1 977 0 314.937805
 1 978 0 314.940002
 1 979 0 314.942017
 1 980 0 314.943909
 1 981 0 314.945587
 1 982 0 314.947113
 1 983 0 314.948486
 1 984 0 314.949677
 1 985 0 314.950684
 1 986 0 314.951508
 1 987 0 314.952209
 1 988 0 314.952728
 1 989 0 314.953033
 1 990 0 314.953186
 1 991 0 314.953217
 1 992 0 314.953033
 1 993 0 314.952698
 1 994 0 314.952148
 1 995 0 314.951508
 1 996 0 314.950623
 1 997 0 314.949646
 1 998 0 314.948395
 1 999 0 314.947052
 1 1000 0 314.945557
 1 1001 0 314.943848
 1 1002 0 314.941956
 1 1003 0 314.939911
 1 1004 0 314.937744
 1 1005 0 314.935364
 1 1006 0 314.9328
 1 1007 0 314.930084
 1 1008 0 314.927216
 1 1009 0 314.924164
 1 1010 0 314.920959
 1 1011 0 314.917542
 1 1012 0 314.914001
 1 1013 0 314.910309
 1 1014 0 314.906403
 1 1015 0 314.902344
 1 1016 0 314.898132
 1 1017 0 314.893738
 1 1018 0 314.889191
 1 1019 0 314.88446
 1 1020 0 314.879578
 1 1021 0 314.874542
 1 1022 0 314.869324
 1 1023 0 314.863922
 1 1024 0 314.858368
 1 1025 0 314.852692
 1 1026 0 314.846832
 1 1027 0 314.84079
 1 1028 0 314.834595
 1 1029 0 314.828247
 1 1030 0 314.821716
 1 1031 0 314.815033
 1 1032 0 314.808197
 1 1033 0 314.801208
 1 1034 0 314.794067
 1 1035 0 314.786713
 1 1036 0 314.779266
 1 1037 0 314.771606
 1 1038 0 314.763824
 1 1039 0 314.755829
 1 1040 0 314.747742
 1 1041 0 314.739471
 1 1042 0 314.731049
 1 1043 0 314.722473
 1 1044 0 314.713715
 1 1045 0 314.704865
 1 1046 0 314.695801
 1 1047 0 314.686615
 1 1048 0 314.677246
 1 1049 0 314.667786
 1 1050 0 314.658112
 1 1051 0 314.648315
 1 1052 0 314.638336
 1 1053 0 314.628265
 1 1054 0 314.618011
 1 1055 0 314.607605
 1 1056 0 314.597076
 1 1057 0 314.586395
 1 1058 0 314.575531
 1 1059 0 314.564545
 1 1060 0 314.553406
 1 1061 0 314.542145
 1 1062 0 314.530731
 1 1063 0 314.519196
 1 1064 0 314.507477
 1 1065 0 314.495636
 1 1066 0 314.483643
 1 1067 0 314.471558
 1 1068 0 314.459259
 1 1069 0 314.446869
 1 1070 0 314.434326
 1 1071 0 314.421692
 1 1072 0 314.408875
 1 1073 0 314.395935
 1 1074 0 314.382874
 1 1075 0 314.369659
 1 1076 0 314.356293
 1 1077 0 314.342804
 1 1078 0 314.329224
 1 1079 0 314.31546
 1 1080 0 314.301636
 1 1081 0 314.287628
 1 1082 0 314.273529
 1 1083 0 314.259277
 1 1084 0 314.244904
 1 1085 0 314.230408
 1 1086 0 314.21582
 1 1087 0 314.20108
 1 1088 0 314.186249
 1 1089 0 314.171234
 1 1090 0 314.156128
 1 1091 0 314.14093
 1 1092 0 314.12561
 1 1093 0 314.110138
 1 1094 0 314.094604
 1 1095 0 314.078888
 1 1096 0 314.06311
 1 1097 0 314.047211
 1 1098 0 314.031189
 1 1099 0 314.015076
 1 1100 0 313.99881
 1 1101 0 313.982483
 1 1102 0 313.966034
 1 1103 0 313.949463
 1 1104 0 313.9328
 1 1105 0 313.916046
 1 1106 0 313.89917
 1 1107 0 313.882202
 1 1108 0 313.865112
 1 1109 0 313.847961
 1 1110 0 313.830688
 1 1111 0 313.813324
 1 1112 0 313.795837
 1 1113 0 313.77829
 1 1114 0 313.76062
 1 1115 0 313.742859
 1 1116 0 313.725037
 1 1117 0 313.707092
 1 1118 0 313.689087
 1 1119 0 313.670959
 1 1120 0 313.652771
 1 1121 0 313.634491
 1 1122 0 313.616119
 1 1123 0 313.597656
 1 1124 0 313.579132
 1 1125 0 313.560516
 1 1126 0 313.541809
 1 1127 0 313.523041
 1 1128 0 313.504181
 1 1129 0 313.485229
 1 1130 0 313.466248
 1 1131 0 313.447144
 1 1132 0 313.428009
 1 1133 0 313.408783
 1 1134 0 313.389465
 1 1135 0 313.370117
 1 1136 0 313.350677
 1 1137 0 313.331177
 1 1138 0 313.311584
 1 1139 0 313.292297
 1 1140 0 313.27298
 1 1141 0 313.253601
 1 1142 0 313.234161
 1 1143 0 313.214691
 1 1144 0 313.19516
 1 1145 0 313.175537
 1 1146 0 313.155884
 1 1147 0 313.1362
 1 1148 0 313.116425
 1 1149 0 313.096588
 1 1150 0 313.076691
 1 1151 0 313.056824
 1 1152 0 313.036865
 1 1153 0 313.016846
 1 1154 0 312.996765
 1 1155 0 312.976715
 1 1156 0 312.956573
 1 1157 0 312.936432
 1 1158 0 312.916199
 1 1159 0 312.895935
 1 1160 0 312.875641
 1 1161 0 312.855316
 1 1162 0 312.834961
 1 1163 0 312.814575
 1 1164 0 312.794128
 1 1165 0 312.773682
 1 1166 0 312.753204
 1 1167 0 312.732666
 1 1168 0 312.712158
 1 1169 0 312.691589
 1 1170 0 312.67099
 1 1171 0 312.65036
 1 1172 0 312.62973
 1 1173 0 312.6091
 1 1174 0 312.588409
 1 1175 0 312.567719
 1 1176 0 312.547028
 1 1177 0 312.526306
 1 1178 0 312.505554
 1 1179 0 312.484802
 1 1180 0 312.46405
 1 1181 0 312.443268
 1 1182 0 312.422516
 1 1183 0 312.401733
 1 1184 0 312.38092
 1 1185 0 312.360107
 1 1186 0 312.339325
 1 1187 0 312.318512
 1 1188 0 312.297729
 1 1189 0 312.276917
 1 1190 0 312.256104
 1 1191 0 312.235321
 1 1192 0 312.214539
 1 1193 0 312.193756
 1 1194 0 312.172974
 1 1195 0 312.152191
 1 1196 0 312.131409
 1 1197 0 312.110687
 1 1198 0 312.089935
 1 1199 0 312.069214
 1 1200 0 312.048523
 1 1201 0 312.027832
 1 1202 0 312.007172
 1 1203 0 311.986511
 1 1204 0 311.965851
 1 1205 0 311.945251
 1 1206 0 311.924652
 1 1207 0 311.904114
 1 1208 0 311.883545
 1 1209 0 311.863037
 1 1210 0 311.842529
 1 1211 0 311.822083
 1 1212 0 311.801666
 1 1213 0 311.781281
 1 1214 0 311.760895
 1 1215 0 311.74057
 1 1216 0 311.720276
 1 1217 0 311.700012
 1 1218 0 311.679779
 1 1219 0 311.659607
 1 1220 0 311.639496
 1 1221 0 311.619385
 1 1222 0 311.599304
 1 1223 0 311.579315
 1 1224 0 311.559357
 1 1225 0 311.539429
 1 1226 0 311.519562
 1 1227 0 311.499725
 1 1228 0 311.47995
 1 1229 0 311.460236
 1 1230 0 311.440582
 1 1231 0 311.420959
 1 1232 0 311.401398
 1 1233 0 311.381866
 1 1234 0 311.362457
 1 1235 0 311.343079
 1 1236 0 311.323761
 1 1237 0 311.304474
 1 1238 0 311.285278
 1 1239 0 311.266144
 1 1240 0 311.24707
 1 1241 0 311.228119
 1 1242 0 311.209534
 1 1243 0 311.19104
 1 1244 0 311.172607
 1 1245 0 311.154236
 1 1246 0 311.135956
 1 1247 0 311.117737
 1 1248 0 311.099518
 1 1249 0 311.081512
 1 1250 0 311.063477
 1 1251 0 311.045563
 1 1252 0 311.02771
 1 1253 0 311.009949
 1 1254 0 310.992279
 1 1255 0 310.97467
 1 1256 0 310.957123
 1 1257 0 310.939697
 1 1258 0 310.922333
 1 1259 0 310.905029
 1 1260 0 310.887878
 1 1261 0 310.870758
 1 1262 0 310.85376
 1 1263 0 310.836792
 1 1264 0 310.820007
 1 1265 0 310.803223
 1 1266 0 310.786591
 1 1267 0 310.77002
 1 1268 0 310.753571
 1 1269 0 310.737213
 1 1270 0 310.720917
 1 1271 0 310.704742
 1 1272 0 310.68866
 1 1273 0 310.672699
 1 1274 0 310.656799
 1 1275 0 310.641052
 1 1276 0 310.625366
 1 1277 0 310.609772
 1 1278 0 310.59433
 1 1279 0 310.578949
 1 1280 0 310.56369
 1 1281 0 310.548553
 1 1282 0 310.533508
 1 1283 0 310.518555
 1 1284 0 310.503723
 1 1285 0 310.489014
 1 1286 0 310.474426
 1 1287 0 310.45993
 1 1288 0 310.445557
 1 1289 0 310.431274
 1 1290 0 310.417145
 1 1291 0 310.403107
 1 1292 0 310.389191
 1 1293 0 310.375397
 1 1294 0 310.361725
 1 1295 0 310.348175
 1 1296 0 310.334717
 1 1297 0 310.321381
 1 1298 0 310.308197
 1 1299 0 310.295135
 1 1300 0 310.282166
 1 1301 0 310.269348
 1 1302 0 310.256653
 1 1303 0 310.244049
 1 1304 0 310.231598
 1 1305 0 310.219299
 1 1306 0 310.207062
 1 1307 0 310.195007
 1 1308 0 310.183075
 1 1309 0 310.171265
 1 1310 0 310.159607
 1 1311 0 310.148041
 1 1312 0 310.136627
 1 1313 0 310.125336
 1 1314 0 310.114227
 1 1315 0 310.10321
 1 1316 0 310.092316
 1 1317 0 310.081573
 1 1318 0 310.070984
 1 1319 0 310.060516
 1 1320 0 310.050171
 1 1321 0 310.039978
 1 1322 0 310.029907
 1 1323 0 310.02002
 1 1324 0 310.010254
 1 1325 0 310.00061
 1 1326 0 309.991119
 1 1327 0 309.981781
 1 1328 0 309.972565
 1 1329 0 309.963501
 1 1330 0 309.95459
 1 1331 0 309.945831
 1 1332 0 309.937164
 1 1333 0 309.928711
 1 1334 0 309.920349
 1 1335 0 309.91214
 1 1336 0 309.904114
 1 1337 0 309.89621
 1 1338 0 309.888458
 1 1339 0 309.880859
 1 1340 0 309.873413
 1 1341 0 309.866089
 1 1342 0 309.858948
 1 1343 0 309.851929
 1 1344 0 309.845062
 1 1345 0 309.838348
 1 1346 0 309.831818
 1 1347 0 309.825409
 1 1348 0 309.819122
 1 1349 0 309.813049
 1 1350 0 309.807098
 1 1351 0 309.8013
 1 1352 0 309.795654
 1 1353 0 309.790192
 1 1354 0 309.784851
 1 1355 0 309.779694
 1 1356 0 309.774658
 1 1357 0 309.769775
 1 1358 0 309.765076
 1 1359 0 309.760529
 1 1360 0 309.756134
 1 1361 0 309.751862
 1 1362 0 309.747772
 1 1363 0 309.743835
 1 1364 0 309.740051
 1 1365 0 309.736481
 1 1366 0 309.733002
 1 1367 0 309.729706
 1 1368 0 309.726563
 1 1369 0 309.723572
 1 1370 0 309.720734
 1 1371 0 309.718079
 1 1372 0 309.715576
 1 1373 0 309.713196
 1 1374 0 309.710999
 1 1375 0 309.708984
 1 1376 0 309.707123
 1 1377 0 309.705383
 1 1378 0 309.703827
 1 1379 0 309.702423
 1 1380 0 309.701172
 1 1381 0 309.700104
 1 1382 0 309.699188
 1 1383 0 309.698425
 1 1384 0 309.697845
 1 1385 0 309.697388
 1 1386 0 309.697113
 1 1387 0 309.696991
 1 1388 0 309.697021
 1 1389 0 309.697235
 1 1390 0 309.697571
 1 1391 0 309.69809
 1 1392 0 309.698792
 1 1393 0 309.699615
 1 1394 0 309.700623
 1 1395 0 309.701752
 1 1396 0 309.703094
 1 1397 0 309.704559
 1 1398 0 309.706207
 1 1399 0 309.707977
 1 1400 0 309.70993
 1 1401 0 309.712067
 1 1402 0 309.714325
 1 1403 0 309.716736
 1 1404 0 309.71936
 1 1405 0 309.722107
 1 1406 0 309.724976
 1 1407 0 309.728058
 1 1408 0 309.731293
 1 1409 0 309.73465
 1 1410 0 309.73819
 1 1411 0 309.741882
 1 1412 0 309.745758
 1 1413 0 309.749756
 1 1414 0 309.753906
 1 1415 0 309.758209
 1 1416 0 309.762695
 1 1417 0 309.767334
 1 1418 0 309.772125
 1 1419 0 309.777069
 1 1420 0 309.782166
 1 1421 0 309.787415
 1 1422 0 309.792816
 1 1423 0 309.79837
 1 1424 0 309.804077
 1 1425 0 309.809967
 1 1426 0 309.815979
 1 1427 0 309.822174
 1 1428 0 309.828461
 1 1429 0 309.834961
 1 1430 0 309.841583
 1 1431 0 309.848358
 1 1432 0 309.855286
 1 1433 0 309.862366
 1 1434 0 309.869598
 1 1435 0 309.876984
 1 1436 0 309.884491
 1 1437 0 309.892181
 1 1438 0 309.900024
 1 1439 0 309.90799
 1 1440 0 309.916077
 1 1441 0 309.924347
 1 1442 0 309.93277
 1 1443 0 309.941315
 1 1444 0 309.950012
 1 1445 0 309.958862
 1 1446 0 309.967865
 1 1447 0 309.97699
 1 1448 0 309.986267
 1 1449 0 309.995667
 1 1450 0 310.005249
 1 1451 0 310.014923
 1 1452 0 310.02478
 1 1453 0 310.03476
 1 1454 0 310.044861
 1 1455 0 310.055145
 1 1456 0 310.065521
 1 1457 0 310.07605
 1 1458 0 310.086731
 1 1459 0 310.097534
 1 1460 0 310.108459
 1 1461 0 310.119568
 1 1462 0 310.130768
 1 1463 0 310.14212
 1 1464 0 310.153595
 1 1465 0 310.165192
 1 1466 0 310.176941
 1 1467 0 310.188812
 1 1468 0 310.200806
 1 1469 0 310.212952
 1 1470 0 310.225189
 1 1471 0 310.237579
 1 1472 0 310.250092
 1 1473 0 310.262726
 1 1474 0 310.275482
 1 1475 0 310.288391
 1 1476 0 310.301392
 1 1477 0 310.314514
 1 1478 0 310.327789
 1 1479 0 310.341156
 1 1480 0 310.354645
 1 1481 0 310.368256
 1 1482 0 310.382019
 1 1483 0 310.395874
 1 1484 0 310.409851
 1 1485 0 310.42392
 1 1486 0 310.438141
 1 1487 0 310.452454
 1 1488 0 310.466888
 1 1489 0 310.481415
 1 1490 0 310.496063
 1 1491 0 310.510834
 1 1492 0 310.525726
 1 1493 0 310.54071
 1 1494 0 310.555786
 1 1495 0 310.570984
 1 1496 0 310.586304
 1 1497 0 310.601715
 1 1498 0 310.617218
 1 1499 0 310.632843
 1 1500 0 310.64859
 1 1501 0 310.664398
 1 1502 0 310.680328
 1 1503 0 310.69635
 1 1504 0 310.712494
 1 1505 0 310.728699
 1 1506 0 310.745026
 1 1507 0 310.761444
 1 1508 0 310.777954
 1 1509 0 310.794556
 1 1510 0 310.811249
 1 1511 0 310.828033
 1 1512 0 310.84491
 1 1513 0 310.861877
 1 1514 0 310.878937
 1 1515 0 310.896057
 1 1516 0 310.9133
 1 1517 0 310.930603
 1 1518 0 310.947998
 1 1519 0 310.965485
 1 1520 0 310.983063
 1 1521 0 311.000702
 1 1522 0 311.018402
 1 1523 0 311.036255
 1 1524 0 311.054138
 1 1525 0 311.072083
 1 1526 0 311.090118
 1 1527 0 311.108215
 1 1528 0 311.126404
 1 1529 0 311.144653
 1 1530 0 311.162964
 1 1531 0 311.181366
 1 1532 0 311.199829
 1 1533 0 311.218353
 1 1534 0 311.237091
 1 1535 0 311.256134
 1 1536 0 311.275238
 1 1537 0 311.294403
 1 1538 0 311.313629
 1 1539 0 311.332916
 1 1540 0 311.352264
 1 1541 0 311.371674
 1 1542 0 311.391144
 1 1543 0 311.410675
 1 1544 0 311.430237
 1 1545 0 311.44989
 1 1546 0 311.469574
 1 1547 0 311.489319
 1 1548 0 311.509094
 1 1549 0 311.528961
 1 1550 0 311.548828
 1 1551 0 311.568787
 1 1552 0 311.588745
 1 1553 0 311.608765
 1 1554 0 311.628845
 1 1555 0 311.648956
 1 1556 0 311.669128
 1 1557 0 311.689301
 1 1558 0 311.709534
 1 1559 0 311.729828
 1 1560 0 311.750122
 1 1561 0 311.770447
 1 1562 0 311.790833
 1 1563 0 311.811249
 1 1564 0 311.831665
 1 1565 0 311.852142
 1 1566 0 311.87265
 1 1567 0 311.893158
 1 1568 0 311.913727
 1 1569 0 311.934296
 1 1570 0 311.954895
 1 1571 0 311.975494
 1 1572 0 311.996124
 1 1573 0 312.016785
 1 1574 0 312.037476
 1 1575 0 312.058167
 1 1576 0 312.078857
 1 1577 0 312.099579
 1 1578 0 312.1203
 1 1579 0 312.141052
 1 1580 0 312.161835
 1 1581 0 312.182587
 1 1582 0 312.203369
 1 1583 0 312.224152
 1 1584 0 312.244934
 1 1585 0 312.265717
 1 1586 0 312.28653
 1 1587 0 312.307312
 1 1588 0 312.328094
 1 1589 0 312.348877
 1 1590 0 312.36969
 1 1591 0 312.390442
 1 1592 0 312.411224
 1 1593 0 312.432007
 1 1594 0 312.452759
 1 1595 0 312.473511
 1 1596 0 312.494263
 1 1597 0 312.514984
 1 1598 0 312.535706
 1 1599 0 312.556427
 1 1600 0 312.577118
 1 1601 0 312.597778
 1 1602 0 312.618439
 1 1603 0 312.639069
 1 1604 0 312.659668
 1 1605 0 312.680267
 1 1606 0 312.700836
 1 1607 0 312.721375
 1 1608 0 312.741882
 1 1609 0 312.76236
 1 1610 0 312.782837
 1 1611 0 312.803253
 1 1612 0 312.823669
 1 1613 0 312.844025
 1 1614 0 312.864349
 1 1615 0 312.884644
 1 1616 0 312.904907
 1 1617 0 312.92514
 1 1618 0 312.945313
 1 1619 0 312.965454
 1 1620 0 312.985565
 1 1621 0 313.005615
 1 1622 0 313.025604
 1 1623 0 313.045593
 1 1624 0 313.065521
 1 1625 0 313.085388
 1 1626 0 313.105194
 1 1627 0 313.124969
 1 1628 0 313.144684
 1 1629 0 313.164368
 1 1630 0 313.18399
 1 1631 0 313.203522
 1 1632 0 313.223053
 1 1633 0 313.242462
 1 1634 0 313.261871
 1 1635 0 313.281189
 1 1636 0 313.300446
 1 1637 0 313.319855
 1 1638 0 313.339386
 1 1639 0 313.358826
 1 1640 0 313.378204
 1 1641 0 313.397522
 1 1642 0 313.416779
 1 1643 0 313.435944
 1 1644 0 313.455048
 1 1645 0 313.47406
 1 1646 0 313.493011
 1 1647 0 313.511902
 1 1648 0 313.530701
 1 1649 0 313.549408
 1 1650 0 313.568054
 1 1651 0 313.586609
 1 1652 0 313.605072
 1 1653 0 313.623474
 1 1654 0 313.641785
 1 1655 0 313.660004
 1 1656 0 313.678131
 1 1657 0 313.696167
 1 1658 0 313.714111
 1 1659 0 313.731995
 1 1660 0 313.749756
 1 1661 0 313.767426
 1 1662 0 313.785034
 1 1663 0 313.802521
 1 1664 0 313.819916
 1 1665 0 313.837219
 1 1666 0 313.854431
 1 1667 0 313.871521
 1 1668 0 313.888519
 1 1669 0 313.905396
 1 1670 0 313.922211
 1 1671 0 313.938904
 1 1672 0 313.955475
 1 1673 0 313.971954
 1 1674 0 313.988342
 1 1675 0 314.004608
 1 1676 0 314.020782
 1 1677 0 314.036804
 1 1678 0 314.052734
 1 1679 0 314.068573
 1 1680 0 314.084259
 1 1681 0 314.099854
 1 1682 0 314.115356
 1 1683 0 314.130707
 1 1684 0 314.145966
 1 1685 0 314.161102
 1 1686 0 314.176117
 1 1687 0 314.19101
 1 1688 0 314.20575
 1 1689 0 314.220398
 1 1690 0 314.234924
 1 1691 0 314.249329
 1 1692 0 314.263611
 1 1693 0 314.27774
 1 1694 0 314.291779
 1 1695 0 314.305695
 1 1696 0 314.319427
 1 1697 0 314.333069
 1 1698 0 314.346588
 1 1699 0 314.359955
 1 1700 0 314.37323
 1 1701 0 314.386322
 1 1702 0 314.399323
 1 1703 0 314.41214
 1 1704 0 314.424866
 1 1705 0 314.437439
 1 1706 0 314.44989
 1 1707 0 314.462158
 1 1708 0 314.474335
 1 1709 0 314.486359
 1 1710 0 314.49823
 1 1711 0 314.509979
 1 1712 0 314.521576
 1 1713 0 314.53302
 1 1714 0 314.544342
 1 1715 0 314.555511
 1 1716 0 314.566528
 1 1717 0 314.577393
 1 1718 0 314.588135
 1 1719 0 314.598724
 1 1720 0 314.609161
 1 1721 0 314.619476
 1 1722 0 314.629608
 1 1723 0 314.639587
 1 1724 0 314.649445
 1 1725 0 314.659119
 1 1726 0 314.668671
 1 1727 0 314.67807
 1 1728 0 314.687317
 1 1729 0 314.696381
 1 1730 0 314.705322
 1 1731 0 314.714111
 1 1732 0 314.722717
 1 1733 0 314.731201
 1 1734 0 314.739502
 1 1735 0 314.74765
 1 1736 0 314.755646
 1 1737 0 314.763489
 1 1738 0 314.771179
 1 1739 0 314.778717
 1 1740 0 314.786072
 1 1741 0 314.793274
 1 1742 0 314.800323
 1 1743 0 314.80722
 1 1744 0 314.813934
 1 1745 0 314.820496
 1 1746 0 314.826904
 1 1747 0 314.83313
 1 1748 0 314.839203
 1 1749 0 314.845123
 1 1750 0 314.850891
 1 1751 0 314.856476
 1 1752 0 314.861877
 1 1753 0 314.867157
 1 1754 0 314.872253
 1 1755 0 314.877167
 1 1756 0 314.881927
 1 1757 0 314.886536
 1 1758 0 314.890991
 1 1759 0 314.895233
 1 1760 0 314.899353
 1 1761 0 314.90329
 1 1762 0 314.907043
 1 1763 0 314.910645
 1 1764 0 314.914093
 1 1765 0 314.917358
 1 1766 0 314.920441
 1 1767 0 314.92337
 1 1768 0 314.926117
 1 1769 0 314.928711
 1 1770 0 314.931122
 1 1771 0 314.933411
 1 1772 0 314.935486
 1 1773 0 314.937378
 1 1774 0 314.939148
 1 1775 0 314.940735
 1 1776 0 314.942139
 1 1777 0 314.94339
 1 1778 0 314.944427
 1 1779 0 314.945343
 1 1780 0 314.946075
 1 1781 0 314.946625
 1 1782 0 314.947021
 1 1783 0 314.947235
 1 1784 0 314.947296
 1 1785 0 314.947174
 1 1786 0 314.946899
 1 1787 0 314.946442
 1 1788 0 314.945801
 1 1789 0 314.945007
 1 1790 0 314.944031
 1 1791 0 314.942902
 1 1792 0 314.941589
 1 1793 0 314.940125
 1 1794 0 314.938477
 1 1795 0 314.936646
 1 1796 0 314.934692
 1 1797 0 314.932526
 1 1798 0 314.930206
 1 1799 0 314.927704
 1 1800 0 314.925049
 1 1801 0 314.922211
 1 1802 0 314.91922
 1 1803 0 314.916077
 1 1804 0 314.91272
 1 1805 0 314.909241
 1 1806 0 314.905579
 1 1807 0 314.901733
 1 1808 0 314.897736
 1 1809 0 314.893555
 1 1810 0 314.889252
 1 1811 0 314.884766
 1 1812 0 314.880066
 1 1813 0 314.875244
 1 1814 0 314.87027
 1 1815 0 314.865112
 1 1816 0 314.859772
 1 1817 0 314.854279
 1 1818 0 314.848633
 1 1819 0 314.842804
 1 1820 0 314.836853
 1 1821 0 314.830688
 1 1822 0 314.824402
 1 1823 0 314.817932
 1 1824 0 314.81131
 1 1825 0 314.804504
 1 1826 0 314.797546
 1 1827 0 314.790436
 1 1828 0 314.783173
 1 1829 0 314.775757
 1 1830 0 314.768158
 1 1831 0 314.760437
 1 1832 0 314.752533
 1 1833 0 314.744446
 1 1834 0 314.736237
 1 1835 0 314.727875
 1 1836 0 314.71933
 1 1837 0 314.710663
 1 1838 0 314.701813
 1 1839 0 314.69281
 1 1840 0 314.683685
 1 1841 0 314.674377
 1 1842 0 314.664948
 1 1843 0 314.655334
 1 1844 0 314.645599
 1 1845 0 314.635681
 1 1846 0 314.625641
 1 1847 0 314.615417
 1 1848 0 314.605072
 1 1849 0 314.594574
 1 1850 0 314.583923
 1 1851 0 314.573151
 1 1852 0 314.562195
 1 1853 0 314.551117
 1 1854 0 314.539886
 1 1855 0 314.528503
 1 1856 0 314.516998
 1 1857 0 314.505341
 1 1858 0 314.493561
 1 1859 0 314.481628
 1 1860 0 314.469543
 1 1861 0 314.457336
 1 1862 0 314.444977
 1 1863 0 314.432495
 1 1864 0 314.419861
 1 1865 0 314.407104
 1 1866 0 314.394196
 1 1867 0 314.381165
 1 1868 0 314.368011
 1 1869 0 314.354706
 1 1870 0 314.341278
 1 1871 0 314.327698
 1 1872 0 314.314026
 1 1873 0 314.300201
 1 1874 0 314.286255
 1 1875 0 314.272186
 1 1876 0 314.257965
 1 1877 0 314.243652
 1 1878 0 314.229187
 1 1879 0 314.21463
 1 1880 0 314.199951
 1 1881 0 314.18512
 1 1882 0 314.170197
 1 1883 0 314.155121
 1 1884 0 314.139954
 1 1885 0 314.124634
 1 1886 0 314.109222
 1 1887 0 314.093719
 1 1888 0 314.078064
 1 1889 0 314.062317
 1 1890 0 314.046448
 1 1891 0 314.030457
 1 1892 0 314.014374
 1 1893 0 313.998169
 1 1894 0 313.981842
 1 1895 0 313.965424
 1 1896 0 313.948914
 1 1897 0 313.932281
 1 1898 0 313.915558
 1 1899 0 313.898712
 1 1900 0 313.881744
 1 1901 0 313.864716
 1 1902 0 313.847595
 1 1903 0 313.830353
 1 1904 0 313.813019
 1 1905 0 313.795563
 1 1906 0 313.778046
 1 1907 0 313.760406
 1 1908 0 313.742706
 1 1909 0 313.724884
 1 1910 0 313.70697
 1 1911 0 313.688995
 1 1912 0 313.670898
 1 1913 0 313.65271
 1 1914 0 313.634491
 1 1915 0 313.61615
 1 1916 0 313.597717
 1 1917 0 313.579224
 1 1918 0 313.560608
 1 1919 0 313.541931
 1 1920 0 313.523193
 1 1921 0 313.504364
 1 1922 0 313.485443
 1 1923 0 313.466461
 1 1924 0 313.447418
 1 1925 0 313.428284
 1 1926 0 313.409058
 1 1927 0 313.389801
 1 1928 0 313.370453
 1 1929 0 313.351044
 1 1930 0 313.331543
 1 1931 0 313.312012
 1 1932 0 313.292725
 1 1933 0 313.273407
 1 1934 0 313.254059
 1 1935 0 313.23465
 1 1936 0 313.21521
 1 1937 0 313.195648
 1 1938 0 313.176056
 1 1939 0 313.156464
 1 1940 0 313.136749
 1 1941 0 313.117004
 1 1942 0 313.097168
 1 1943 0 313.077362
 1 1944 0 313.057465
 1 1945 0 313.037476
 1 1946 0 313.017517
 1 1947 0 312.997498
 1 1948 0 312.977386
 1 1949 0 312.957275
 1 1950 0 312.937103
 1 1951 0 312.916901
 1 1952 0 312.896637
 1 1953 0 312.876404
 1 1954 0 312.856079
 1 1955 0 312.835724
 1 1956 0 312.815338
 1 1957 0 312.794922
 1 1958 0 312.774475
 1 1959 0 312.753998
 1 1960 0 312.733521
 1 1961 0 312.712982
 1 1962 0 312.692413
 1 1963 0 312.671814
 1 1964 0 312.651215
 1 1965 0 312.630585
 1 1966 0 312.609955
 1 1967 0 312.589264
 1 1968 0 312.568573
 1 1969 0 312.547882
 1 1970 0 312.527161
 1 1971 0 312.506439
 1 1972 0 312.485687
 1 1973 0 312.464905
 1 1974 0 312.444153
 1 1975 0 312.423401
 1 1976 0 312.402618
 1 1977 0 312.381836
 1 1978 0 312.361023
 1 1979 0 312.34024
 1 1980 0 312.319427
 1 1981 0 312.298615
 1 1982 0 312.277832
 1 1983 0 312.257019
 1 1984 0 312.236176
 1 1985 0 312.215424
 1 1986 0 312.194611
 1 1987 0 312.173828
 1 1988 0 312.153076
 1 1989 0 312.132294
 1 1990 0 312.111542
 1 1991 0 312.09079
 1 1992 0 312.070099
 1 1993 0 312.049377
 1 1994 0 312.028687
 1 1995 0 312.007996
 1 1996 0 311.987335
 1 1997 0 311.966675
 1 1998 0 311.946075
 1 1999 0 311.925476
 1 2000 0 311.904907
 1 2001 0 311.884338
 1 2002 0 311.863831
 1 2003 0 311.843292
 1 2004 0 311.822845
 1 2005 0 311.802399
 1 2006 0 311.782013
 1 2007 0 311.761627
 1 2008 0 311.741272
 1 2009 0 311.720978
 1 2010 0 311.700714
 1 2011 0 311.680481
 1 2012 0 311.660278
 1 2013 0 311.640137
 1 2014 0 311.619995
 1 2015 0 311.599945
 1 2016 0 311.579926
 1 2017 0 311.559937
 1 2018 0 311.540009
 1 2019 0 311.520111
 1 2020 0 311.500275
 1 2021 0 311.480499
 1 2022 0 311.460724
 1 2023 0 311.441071
 1 2024 0 311.421448
 1 2025 0 311.401825
 1 2026 0 311.382355
 1 2027 0 311.362885
 1 2028 0 311.343475
 1 2029 0 311.324127
 1 2030 0 311.30484
 1 2031 0 311.285614
 1 2032 0 311.266479
 1 2033 0 311.247345
 1 2034 0 311.228363
 1 2035 0 311.209778
 1 2036 0 311.191254
 1 2037 0 311.172821
 1 2038 0 311.154419
 1 2039 0 311.136108
 1 2040 0 311.117859
 1 2041 0 311.099701
 1 2042 0 311.081604
 1 2043 0 311.063568
 1 2044 0 311.045563
 1 2045 0 311.02774
 1 2046 0 311.009949
 1 2047 0 310.992249
 1 2048 0 310.974609
 1 2049 0 310.957031
 1 2050 0 310.939545
 1 2051 0 310.92218
 1 2052 0 310.904846
 1 2053 0 310.887665
 1 2054 0 310.870514
 1 2055 0 310.853455
 1 2056 0 310.836517
 1 2057 0 310.819641
 1 2058 0 310.802887
 1 2059 0 310.786194
 1 2060 0 310.769592
 1 2061 0 310.753113
 1 2062 0 310.736725
 1 2063 0 310.720398
 1 2064 0 310.704193
 1 2065 0 310.68808
 1 2066 0 310.672058
 1 2067 0 310.656158
 1 2068 0 310.64035
 1 2069 0 310.624634
 1 2070 0 310.609039
 1 2071 0 310.593506
 1 2072 0 310.578125
 1 2073 0 310.562836
 1 2074 0 310.547638
 1 2075 0 310.532562
 1 2076 0 310.517609
 1 2077 0 310.502747
 1 2078 0 310.487976
 1 2079 0 310.473328
 1 2080 0 310.458801
 1 2081 0 310.444397
 1 2082 0 310.430084
 1 2083 0 310.415924
 1 2084 0 310.401855
 1 2085 0 310.387878
 1 2086 0 310.374054
 1 2087 0 310.360321
 1 2088 0 310.346741
 1 2089 0 310.333252
 1 2090 0 310.319885
 1 2091 0 310.306641
 1 2092 0 310.293549
 1 2093 0 310.280548
 1 2094 0 310.26767
 1 2095 0 310.254944
 1 2096 0 310.24231
 1 2097 0 310.229828
 1 2098 0 310.217468
 1 2099 0 310.2052
 1 2100 0 310.193085
 1 2101 0 310.181122
 1 2102 0 310.169281
 1 2103 0 310.157562
 1 2104 0 310.145966
 1 2105 0 310.134491
 1 2106 0 310.123169
 1 2107 0 310.111969
 1 2108 0 310.100952
 1 2109 0 310.089996
 1 2110 0 310.079224
 1 2111 0 310.068573
 1 2112 0 310.058075
 1 2113 0 310.047699
 1 2114 0 310.037445
 1 2115 0 310.027344
 1 2116 0 310.017395
 1 2117 0 310.007568
 1 2118 0 309.997894
 1 2119 0 309.988373
 1 2120 0 309.978973
 1 2121 0 309.969727
 1 2122 0 309.960602
 1 2123 0 309.95163
 1 2124 0 309.94281
 1 2125 0 309.934143
 1 2126 0 309.925598
 1 2127 0 309.917206
 1 2128 0 309.908966
 1 2129 0 309.900879
 1 2130 0 309.892914
 1 2131 0 309.885101
 1 2132 0 309.877472
 1 2133 0 309.869965
 1 2134 0 309.86261
 1 2135 0 309.855408
 1 2136 0 309.848328
 1 2137 0 309.841431
 1 2138 0 309.834686
 1 2139 0 309.828064
 1 2140 0 309.821625
 1 2141 0 309.815308
 1 2142 0 309.809174
 1 2143 0 309.803162
 1 2144 0 309.797333
 1 2145 0 309.791626
 1 2146 0 309.786102
 1 2147 0 309.780731
 1 2148 0 309.775482
 1 2149 0 309.770416
 1 2150 0 309.765503
 1 2151 0 309.760742
 1 2152 0 309.756134
 1 2153 0 309.751678
 1 2154 0 309.747375
 1 2155 0 309.743256
 1 2156 0 309.739258
 1 2157 0 309.735443
 1 2158 0 309.731781
 1 2159 0 309.728241
 1 2160 0 309.724884
 1 2161 0 309.72171
 1 2162 0 309.718658
 1 2163 0 309.71579
 1 2164 0 309.713043
 1 2165 0 309.71048
 1 2166 0 309.708099
 1 2167 0 309.705841
 1 2168 0 309.703766
 1 2169 0 309.701813
 1 2170 0 309.700073
 1 2171 0 309.698456
 1 2172 0 309.696991
 1 2173 0 309.695709
 1 2174 0 309.69458
 1 2175 0 309.693604
 1 2176 0 309.69281
 1 2177 0 309.692139
 1 2178 0 309.69165
 1 2179 0 309.691315
 1 2180 0 309.691132
 1 2181 0 309.691132
 1 2182 0 309.691284
 1 2183 0 309.691589
 1 2184 0 309.692047
 1 2185 0 309.692657
 1 2186 0 309.693451
 1 2187 0 309.694397
 1 2188 0 309.695496
 1 2189 0 309.696777
 1 2190 0 309.698181
 1 2191 0 309.699768
 1 2192 0 309.701508
 1 2193 0 309.70343
 1 2194 0 309.705475
 1 2195 0 309.707703
 1 2196 0 309.710083
 1 2197 0 309.712616
 1 2198 0 309.715302
 1 2199 0 309.71814
 1 2200 0 309.721161
 1 2201 0 309.724304
 1 2202 0 309.727661
 1 2203 0 309.73114
 1 2204 0 309.734772
 1 2205 0 309.738556
 1 2206 0 309.742523
 1 2207 0 309.746643
 1 2208 0 309.750916
 1 2209 0 309.755341
 1 2210 0 309.759918
 1 2211 0 309.764648
 1 2212 0 309.769531
 1 2213 0 309.774597
 1 2214 0 309.779785
 1 2215 0 309.785156
 1 2216 0 309.790649
 1 2217 0 309.796295
 1 2218 0 309.802124
 1 2219 0 309.808105
 1 2220 0 309.81424
 1 2221 0 309.820496
 1 2222 0 309.826935
 1 2223 0 309.833496
 1 2224 0 309.84024
 1 2225 0 309.847107
 1 2226 0 309.854156
 1 2227 0 309.861328
 1 2228 0 309.868652
 1 2229 0 309.87616
 1 2230 0 309.883728
 1 2231 0 309.891541
 1 2232 0 309.899445
 1 2233 0 309.907532
 1 2234 0 309.915741
 1 2235 0 309.924103
 1 2236 0 309.932617
 1 2237 0 309.941284
 1 2238 0 309.950073
 1 2239 0 309.959015
 1 2240 0 309.968109
 1 2241 0 309.977325
 1 2242 0 309.986694
 1 2243 0 309.996185
 1 2244 0 310.005859
 1 2245 0 310.015656
 1 2246 0 310.025574
 1 2247 0 310.035645
 1 2248 0 310.045868
 1 2249 0 310.056244
 1 2250 0 310.066711
 1 2251 0 310.077332
 1 2252 0 310.088104
 1 2253 0 310.098969
 1 2254 0 310.110046
 1 2255 0 310.121185
 1 2256 0 310.132507
 1 2257 0 310.143921
 1 2258 0 310.155487
 1 2259 0 310.167175
 1 2260 0 310.179016
 1 2261 0 310.190979
 1 2262 0 310.203064
 1 2263 0 310.215271
 1 2264 0 310.2276
 1 2265 0 310.240082
 1 2266 0 310.252686
 1 2267 0 310.265411
 1 2268 0 310.278229
 1 2269 0 310.291229
 1 2270 0 310.304321
 1 2271 0 310.317535
 1 2272 0 310.330872
 1 2273 0 310.34433
 1 2274 0 310.35791
 1 2275 0 310.371582
 1 2276 0 310.385437
 1 2277 0 310.399353
 1 2278 0 310.413422
 1 2279 0 310.427551
 1 2280 0 310.441864
 1 2281 0 310.456238
 1 2282 0 310.470764
 1 2283 0 310.485382
 1 2284 0 310.500092
 1 2285 0 310.514954
 1 2286 0 310.529907
 1 2287 0 310.544952
 1 2288 0 310.56012
 1 2289 0 310.575409
 1 2290 0 310.590759
 1 2291 0 310.606262
 1 2292 0 310.621857
 1 2293 0 310.637543
 1 2294 0 310.65332
 1 2295 0 310.66922
 1 2296 0 310.685211
 1 2297 0 310.701294
 1 2298 0 310.717499
 1 2299 0 310.733795
 1 2300 0 310.750153
 1 2301 0 310.766632
 1 2302 0 310.783203
 1 2303 0 310.799896
 1 2304 0 310.81665
 1 2305 0 310.833466
 1 2306 0 310.850433
 1 2307 0 310.867462
 1 2308 0 310.884583
 1 2309 0 310.901794
 1 2310 0 310.919067
 1 2311 0 310.936432
 1 2312 0 310.953888
 1 2313 0 310.971405
 1 2314 0 310.989044
 1 2315 0 311.006744
 1 2316 0 311.024506
 1 2317 0 311.042358
 1 2318 0 311.060303
 1 2319 0 311.078308
 1 2320 0 311.096405
 1 2321 0 311.114563
 1 2322 0 311.132782
 1 2323 0 311.151062
 1 2324 0 311.169434
 1 2325 0 311.187897
 1 2326 0 311.20639
 1 2327 0 311.224945
 1 2328 0 311.243896
 1 2329 0 311.26297
 1 2330 0 311.282135
 1 2331 0 311.3013
 1 2332 0 311.320587
 1 2333 0 311.339935
 1 2334 0 311.359314
 1 2335 0 311.378754
 1 2336 0 311.398285
 1 2337 0 311.417847
 1 2338 0 311.437439
 1 2339 0 311.457123
 1 2340 0 311.476837
 1 2341 0 311.496613
 1 2342 0 311.516418
 1 2343 0 311.536316
 1 2344 0 311.556244
 1 2345 0 311.576202
 1 2346 0 311.596222
 1 2347 0 311.616272
 1 2348 0 311.636383
 1 2349 0 311.656525
 1 2350 0 311.676697
 1 2351 0 311.69693
 1 2352 0 311.717194
 1 2353 0 311.737457
 1 2354 0 311.757782
 1 2355 0 311.778168
 1 2356 0 311.798553
 1 2357 0 311.81897
 1 2358 0 311.839417
 1 2359 0 311.859924
 1 2360 0 311.880432
 1 2361 0 311.90097
 1 2362 0 311.921539
 1 2363 0 311.942139
 1 2364 0 311.962769
 1 2365 0 311.983368
 1 2366 0 312.004028
 1 2367 0 312.024689
 1 2368 0 312.04538
 1 2369 0 312.066101
 1 2370 0 312.086823
 1 2371 0 312.107544
 1 2372 0 312.128265
 1 2373 0 312.149048
 1 2374 0 312.1698
 1 2375 0 312.190552
 1 2376 0 312.211334
 1 2377 0 312.232117
 1 2378 0 312.25293
 1 2379 0 312.273712
 1 2380 0 312.294525
 1 2381 0 312.315308
 1 2382 0 312.33609
 1 2383 0 312.356903
 1 2384 0 312.377686
 1 2385 0 312.398438
 1 2386 0 312.41922
 1 2387 0 312.439972
 1 2388 0 312.460754
 1 2389 0 312.481476
 1 2390 0 312.502228
 1 2391 0 312.522949
 1 2392 0 312.543671
 1 2393 0 312.564362
 1 2394 0 312.585022
 1 2395 0 312.605682
 1 2396 0 312.626343
 1 2397 0 312.646942
 1 2398 0 312.667542
 1 2399 0 312.688141
 1 2400 0 312.708679
 1 2401 0 312.729218
 1 2402 0 312.749695
 1 2403 0 312.770172
 1 2404 0 312.790619
 1 2405 0 312.811005
 1 2406 0 312.83139
 1 2407 0 312.851715
 1 2408 0 312.87204
 1 2409 0 312.892303
 1 2410 0 312.912537
 1 2411 0 312.932739
 1 2412 0 312.952911
 1 2413 0 312.972992
 1 2414 0 312.993073
 1 2415 0 313.013092
 1 2416 0 313.033081
 1 2417 0 313.05304
 1 2418 0 313.072906
 1 2419 0 313.092773
 1 2420 0 313.112549
 1 2421 0 313.132263
 1 2422 0 313.151978
 1 2423 0 313.1716
 1 2424 0 313.191193
 1 2425 0 313.210693
 1 2426 0 313.230133
 1 2427 0 313.249542
 1 2428 0 313.26889
 1 2429 0 313.288208
 1 2430 0 313.307404
 1 2431 0 313.326935
 1 2432 0 313.346405
 1 2433 0 313.365814
 1 2434 0 313.385132
 1 2435 0 313.404419
 1 2436 0 313.423615
 1 2437 0 313.442719
 1 2438 0 313.461792
 1 2439 0 313.480743
 1 2440 0 313.499664
 1 2441 0 313.518463
 1 2442 0 313.537231
 1 2443 0 313.555878
 1 2444 0 313.574463
 1 2445 0 313.592957
 1 2446 0 313.611389
 1 2447 0 313.62973
 1 2448 0 313.64798
 1 2449 0 313.666138
 1 2450 0 313.684204
 1 2451 0 313.702179
 1 2452 0 313.720093
 1 2453 0 313.737885
 1 2454 0 313.755615
 1 2455 0 313.773224
 1 2456 0 313.790741
 1 2457 0 313.808167
 1 2458 0 313.8255
 1 2459 0 313.842712
 1 2460 0 313.859863
 1 2461 0 313.876892
 1 2462 0 313.893829
 1 2463 0 313.910645
 1 2464 0 313.927368
 1 2465 0 313.944
 1 2466 0 313.96051
 1 2467 0 313.976929
 1 2468 0 313.993225
 1 2469 0 314.00943
 1 2470 0 314.025513
 1 2471 0 314.041504
 1 2472 0 314.057343
 1 2473 0 314.07309
 1 2474 0 314.088715
 1 2475 0 314.104248
 1 2476 0 314.119659
 1 2477 0 314.134949
 1 2478 0 314.150116
 1 2479 0 314.165161
 1 2480 0 314.180084
 1 2481 0 314.194885
 1 2482 0 314.209564
 1 2483 0 314.224152
 1 2484 0 314.238586
 1 2485 0 314.252899
 1 2486 0 314.26709
 1 2487 0 314.281158
 1 2488 0 314.295105
 1 2489 0 314.308899
 1 2490 0 314.322571
 1 2491 0 314.336151
 1 2492 0 314.349579
 1 2493 0 314.362854
 1 2494 0 314.376007
 1 2495 0 314.389038
 1 2496 0 314.401917
 1 2497 0 314.414703
 1 2498 0 314.427307
 1 2499 0 314.439789
 1 2500 0 314.452148
 1 2501 0 314.464325
 1 2502 0 314.47641
 1 2503 0 314.488312
 1 2504 0 314.500122
 1 2505 0 314.511749
 1 2506 0 314.523254
 1 2507 0 314.534637
 1 2508 0 314.545837
 1 2509 0 314.556915
 1 2510 0 314.567841
 1 2511 0 314.578613
 1 2512 0 314.589264
 1 2513 0 314.599762
 1 2514 0 314.610077
 1 2515 0 314.6203
 1 2516 0 314.630341
 1 2517 0 314.640198
 1 2518 0 314.649963
 1 2519 0 314.659546
 1 2520 0 314.669006
 1 2521 0 314.678284
 1 2522 0 314.687408
 1 2523 0 314.696411
 1 2524 0 314.705231
 1 2525 0 314.713898
 1 2526 0 314.722412
 1 2527 0 314.730774
 1 2528 0 314.738983
 1 2529 0 314.74704
 1 2530 0 314.754944
 1 2531 0 314.762665
 1 2532 0 314.770233
 1 2533 0 314.777649
 1 2534 0 314.784912
 1 2535 0 314.792023
 1 2536 0 314.79895
 1 2537 0 314.805725
 1 2538 0 314.812347
 1 2539 0 314.818817
 1 2540 0 314.825104
 1 2541 0 314.831238
 1 2542 0 314.837189
 1 2543 0 314.843018
 1 2544 0 314.848663
 1 2545 0 314.854126
 1 2546 0 314.859436
 1 2547 0 314.864594
 1 2548 0 314.869568
 1 2549 0 314.87439
 1 2550 0 314.879059
 1 2551 0 314.883545
 1 2552 0 314.887848
 1 2553 0 314.892029
 1 2554 0 314.895996
 1 2555 0 314.899841
 1 2556 0 314.903473
 1 2557 0 314.906982
 1 2558 0 314.910309
 1 2559 0 314.913452
 1 2560 0 314.916443
 1 2561 0 314.91925
 1 2562 0 314.921906
 1 2563 0 314.924377
 1 2564 0 314.926697
 1 2565 0 314.928833
 1 2566 0 314.930817
 1 2567 0 314.932617
 1 2568 0 314.934235
 1 2569 0 314.935699
 1 2570 0 314.937012
 1 2571 0 314.938141
 1 2572 0 314.939087
 1 2573 0 314.93988
 1 2574 0 314.940491
 1 2575 0 314.940948
 1 2576 0 314.941223
 1 2577 0 314.941345
 1 2578 0 314.941284
 1 2579 0 314.94104
 1 2580 0 314.940613
 1 2581 0 314.940033
 1 2582 0 314.939331
 1 2583 0 314.938416
 1 2584 0 314.937317
 1 2585 0 314.936066
 1 2586 0 314.934662
 1 2587 0 314.933075
 1 2588 0 314.931305
 1 2589 0 314.929382
 1 2590 0 314.927277
 1 2591 0 314.925018
 1 2592 0 314.922607
 1 2593 0 314.919983
 1 2594 0 314.917206
 1 2595 0 314.914246
 1 2596 0 314.911133
 1 2597 0 314.907867
 1 2598 0 314.904449
 1 2599 0 314.900848
 1 2600 0 314.897064
 1 2601 0 314.893127
 1 2602 0 314.889008
 1 2603 0 314.884735
 1 2604 0 314.88028
 1 2605 0 314.875671
 1 2606 0 314.870911
 1 2607 0 314.865967
 1 2608 0 314.86087
 1 2609 0 314.85556
 1 2610 0 314.850128
 1 2611 0 314.844543
 1 2612 0 314.838776
 1 2613 0 314.832855
 1 2614 0 314.826752
 1 2615 0 314.820496
 1 2616 0 314.814117
 1 2617 0 314.807556
 1 2618 0 314.800812
 1 2619 0 314.793915
 1 2620 0 314.786865
 1 2621 0 314.779633
 1 2622 0 314.772278
 1 2623 0 314.76474
 1 2624 0 314.75705
 1 2625 0 314.749207
 1 2626 0 314.74118
 1 2627 0 314.733002
 1 2628 0 314.72467
 1 2629 0 314.716217
 1 2630 0 314.707581
 1 2631 0 314.698822
 1 2632 0 314.68988
 1 2633 0 314.680756
 1 2634 0 314.671509
 1 2635 0 314.662109
 1 2636 0 314.652557
 1 2637 0 314.642883
 1 2638 0 314.632996
 1 2639 0 314.623016
 1 2640 0 314.612823
 1 2641 0 314.602539
 1 2642 0 314.592102
 1 2643 0 314.581482
 1 2644 0 314.57074
 1 2645 0 314.559875
 1 2646 0 314.548828
 1 2647 0 314.537659
 1 2648 0 314.526337
 1 2649 0 314.514862
 1 2650 0 314.503265
 1 2651 0 314.491516
 1 2652 0 314.479645
 1 2653 0 314.467621
 1 2654 0 314.455444
 1 2655 0 314.443146
 1 2656 0 314.430695
 1 2657 0 314.418091
 1 2658 0 314.405365
 1 2659 0 314.392517
 1 2660 0 314.379547
 1 2661 0 314.366425
 1 2662 0 314.35318
 1 2663 0 314.339752
 1 2664 0 314.326233
 1 2665 0 314.312592
 1 2666 0 314.298828
 1 2667 0 314.284912
 1 2668 0 314.270905
 1 2669 0 314.256744
 1 2670 0 314.242462
 1 2671 0 314.228058
 1 2672 0 314.213501
 1 2673 0 314.198853
 1 2674 0 314.184082
 1 2675 0 314.169189
 1 2676 0 314.154144
 1 2677 0 314.139038
 1 2678 0 314.123779
 1 2679 0 314.108398
 1 2680 0 314.092896
 1 2681 0 314.077301
 1 2682 0 314.061584
 1 2683 0 314.045746
 1 2684 0 314.029816
 1 2685 0 314.013763
 1 2686 0 313.997589
 1 2687 0 313.981323
 1 2688 0 313.964935
 1 2689 0 313.948456
 1 2690 0 313.931854
 1 2691 0 313.915161
 1 2692 0 313.898346
 1 2693 0 313.88147
 1 2694 0 313.864441
 1 2695 0 313.847321
 1 2696 0 313.830109
 1 2697 0 313.812805
 1 2698 0 313.79541
 1 2699 0 313.777924
 1 2700 0 313.760315
 1 2701 0 313.742645
 1 2702 0 313.724854
 1 2703 0 313.70697
 1 2704 0 313.689026
 1 2705 0 313.670959
 1 2706 0 313.652832
 1 2707 0 313.634613
 1 2708 0 313.616272
 1 2709 0 313.5979
 1 2710 0 313.579407
 1 2711 0 313.560852
 1 2712 0 313.542206
 1 2713 0 313.523468
 1 2714 0 313.504669
 1 2715 0 313.485779
 1 2716 0 313.466827
 1 2717 0 313.447815
 1 2718 0 313.42868
 1 2719 0 313.409515
 1 2720 0 313.390259
 1 2721 0 313.370941
 1 2722 0 313.351563
 1 2723 0 313.332092
 1 2724 0 313.312561
 1 2725 0 313.293274
 1 2726 0 313.274017
 1 2727 0 313.254669
 1 2728 0 313.235291
 1 2729 0 313.215851
 1 2730 0 313.19635
 1 2731 0 313.176788
 1 2732 0 313.157135
 1 2733 0 313.137482
 1 2734 0 313.117706
 1 2735 0 313.097931
 1 2736 0 313.078125
 1 2737 0 313.058228
 1 2738 0 313.0383
 1 2739 0 313.018341
 1 2740 0 312.998322
 1 2741 0 312.978241
 1 2742 0 312.95816
 1 2743 0 312.937988
 1 2744 0 312.917816
 1 2745 0 312.897583
 1 2746 0 312.877319
 1 2747 0 312.856995
 1 2748 0 312.83667
 1 2749 0 312.816284
 1 2750 0 312.795868
 1 2751 0 312.775452
 1 2752 0 312.754974
 1 2753 0 312.734467
 1 2754 0 312.713959
 1 2755 0 312.69342
 1 2756 0 312.672821
 1 2757 0 312.652222
 1 2758 0 312.631592
 1 2759 0 312.610962
 1 2760 0 312.590302
 1 2761 0 312.569611
 1 2762 0 312.54892
 1 2763 0 312.528229
 1 2764 0 312.507477
 1 2765 0 312.486725
 1 2766 0 312.466003
 1 2767 0 312.445221
 1 2768 0 312.424438
 1 2769 0 312.403687
 1 2770 0 312.382874
 1 2771 0 312.362091
 1 2772 0 312.341278
 1 2773 0 312.320496
 1 2774 0 312.299683
 1 2775 0 312.2789
 1 2776 0 312.258087
 1 2777 0 312.237274
 1 2778 0 312.216492
 1 2779 0 312.195709
 1 2780 0 312.174896
 1 2781 0 312.154144
 1 2782 0 312.133362
 1 2783 0 312.11261
 1 2784 0 312.091858
 1 2785 0 312.071136
 1 2786 0 312.050415
 1 2787 0 312.029694
 1 2788 0 312.009003
 1 2789 0 311.988342
 1 2790 0 311.967712
 1 2791 0 311.947052
 1 2792 0 311.926453
 1 2793 0 311.905884
 1 2794 0 311.885315
 1 2795 0 311.864777
 1 2796 0 311.844269
 1 2797 0 311.823792
 1 2798 0 311.803345
 1 2799 0 311.782928
 1 2800 0 311.762543
 1 2801 0 311.742188
 1 2802 0 311.721863
 1 2803 0 311.701569
 1 2804 0 311.681335
 1 2805 0 311.661133
 1 2806 0 311.640961
 1 2807 0 311.62085
 1 2808 0 311.600739
 1 2809 0 311.580719
 1 2810 0 311.560699
 1 2811 0 311.540771
 1 2812 0 311.520844
 1 2813 0 311.501007
 1 2814 0 311.481201
 1 2815 0 311.461426
 1 2816 0 311.441742
 1 2817 0 311.422089
 1 2818 0 311.402496
 1 2819 0 311.382965
 1 2820 0 311.363464
 1 2821 0 311.344055
 1 2822 0 311.324677
 1 2823 0 311.305389
 1 2824 0 311.286133
 1 2825 0 311.266968
 1 2826 0 311.247833
 1 2827 0 311.22879
 1 2828 0 311.210175
 1 2829 0 311.19162
 1 2830 0 311.173187
 1 2831 0 311.154724
 1 2832 0 311.136414
 1 2833 0 311.118134
 1 2834 0 311.099945
 1 2835 0 311.081818
 1 2836 0 311.063782
 1 2837 0 311.045776
 1 2838 0 311.027893
 1 2839 0 311.010071
 1 2840 0 310.99231
 1 2841 0 310.97467
 1 2842 0 310.957062
 1 2843 0 310.939606
 1 2844 0 310.92218
 1 2845 0 310.904846
 1 2846 0 310.887573
 1 2847 0 310.870422
 1 2848 0 310.853363
 1 2849 0 310.836365
 1 2850 0 310.819458
 1 2851 0 310.802673
 1 2852 0 310.78595
 1 2853 0 310.769318
 1 2854 0 310.752808
 1 2855 0 310.736359
 1 2856 0 310.720032
 1 2857 0 310.703766
 1 2858 0 310.687622
 1 2859 0 310.6716
 1 2860 0 310.65564
 1 2861 0 310.639801
 1 2862 0 310.624054
 1 2863 0 310.608429
 1 2864 0 310.592896
 1 2865 0 310.577423
 1 2866 0 310.562103
 1 2867 0 310.546906
 1 2868 0 310.531769
 1 2869 0 310.516754
 1 2870 0 310.501862
 1 2871 0 310.487091
 1 2872 0 310.472412
 1 2873 0 310.457825
 1 2874 0 310.44339
 1 2875 0 310.429047
 1 2876 0 310.414825
 1 2877 0 310.400726
 1 2878 0 310.386719
 1 2879 0 310.372833
 1 2880 0 310.35907
 1 2881 0 310.345428
 1 2882 0 310.331909
 1 2883 0 310.318512
 1 2884 0 310.305237
 1 2885 0 310.292084
 1 2886 0 310.279053
 1 2887 0 310.266144
 1 2888 0 310.253357
 1 2889 0 310.240692
 1 2890 0 310.228149
 1 2891 0 310.215729
 1 2892 0 310.203461
 1 2893 0 310.191315
 1 2894 0 310.17926
 1 2895 0 310.167389
 1 2896 0 310.155609
 1 2897 0 310.143982
 1 2898 0 310.132477
 1 2899 0 310.121124
 1 2900 0 310.109863
 1 2901 0 310.098785
 1 2902 0 310.087799
 1 2903 0 310.076965
 1 2904 0 310.066284
 1 2905 0 310.055725
 1 2906 0 310.045288
 1 2907 0 310.035004
 1 2908 0 310.024872
 1 2909 0 310.014862
 1 2910 0 310.005005
 1 2911 0 309.99527
 1 2912 0 309.985687
 1 2913 0 309.976257
 1 2914 0 309.966949
 1 2915 0 309.957764
 1 2916 0 309.948761
 1 2917 0 309.93985
 1 2918 0 309.931152
 1 2919 0 309.922577
 1 2920 0 309.914154
 1 2921 0 309.905853
 1 2922 0 309.897705
 1 2923 0 309.889709
 1 2924 0 309.881836
 1 2925 0 309.874146
 1 2926 0 309.866608
 1 2927 0 309.859192
 1 2928 0 309.851929
 1 2929 0 309.844818
 1 2930 0 309.83786
 1 2931 0 309.831024
 1 2932 0 309.824402
 1 2933 0 309.817902
 1 2934 0 309.811523
 1 2935 0 309.805359
 1 2936 0 309.799286
 1 2937 0 309.793396
 1 2938 0 309.787659
 1 2939 0 309.782074
 1 2940 0 309.776642
 1 2941 0 309.771332
 1 2942 0 309.766235
 1 2943 0 309.761261
 1 2944 0 309.756409
 1 2945 0 309.75177
 1 2946 0 309.747284
 1 2947 0 309.74295
 1 2948 0 309.738739
 1 2949 0 309.734711
 1 2950 0 309.730835
 1 2951 0 309.727112
 1 2952 0 309.723541
 1 2953 0 309.720123
 1 2954 0 309.716888
 1 2955 0 309.713745
 1 2956 0 309.710846
 1 2957 0 309.708069
 1 2958 0 309.705475
 1 2959 0 309.703003
 1 2960 0 309.700684
 1 2961 0 309.698547
 1 2962 0 309.696564
 1 2963 0 309.694763
 1 2964 0 309.693085
 1 2965 0 309.691589
 1 2966 0 309.690186
 1 2967 0 309.689056
 1 2968 0 309.688019
 1 2969 0 309.687164
 1 2970 0 309.686462
 1 2971 0 309.685913
 1 2972 0 309.685516
 1 2973 0 309.685272
 1 2974 0 309.685211
 1 2975 0 309.685303
 1 2976 0 309.685516
 1 2977 0 309.685944
 1 2978 0 309.686523
 1 2979 0 309.687256
 1 2980 0 309.688171
 1 2981 0 309.689209
 1 2982 0 309.69043
 1 2983 0 309.691772
 1 2984 0 309.693329
 1 2985 0 309.695007
 1 2986 0 309.696838
 1 2987 0 309.698822
 1 2988 0 309.701019
 1 2989 0 309.703339
 1 2990 0 309.705811
 1 2991 0 309.708466
 1 2992 0 309.711273
 1 2993 0 309.714233
 1 2994 0 309.717346
 1 2995 0 309.720612
 1 2996 0 309.72406
 1 2997 0 309.727631
 1 2998 0 309.731384
 1 2999 0 309.735291
 1 3000 0 309.739319
 1 3001 0 309.743561
 1 3002 0 309.747925
 1 3003 0 309.752441
 1 3004 0 309.757141
 1 3005 0 309.761963
 1 3006 0 309.766968
 1 3007 0 309.772125
 1 3008 0 309.777405
 1 3009 0 309.782867
 1 3010 0 309.788483
 1 3011 0 309.79425
 1 3012 0 309.800171
 1 3013 0 309.806213
 1 3014 0 309.812469
 1 3015 0 309.818817
 1 3016 0 309.825378
 1 3017 0 309.832031
 1 3018 0 309.838867
 1 3019 0 309.845825
 1 3020 0 309.852966
 1 3021 0 309.860229
 1 3022 0 309.867676
 1 3023 0 309.875244
 1 3024 0 309.882965
 1 3025 0 309.890808
 1 3026 0 309.898865
 1 3027 0 309.907043
 1 3028 0 309.915344
 1 3029 0 309.923798
 1 3030 0 309.932404
 1 3031 0 309.941132
 1 3032 0 309.950073
 1 3033 0 309.959076
 1 3034 0 309.968262
 1 3035 0 309.97757
 1 3036 0 309.987061
 1 3037 0 309.996674
 1 3038 0 310.006409
 1 3039 0 310.016296
 1 3040 0 310.026337
 1 3041 0 310.036469
 1 3042 0 310.046783
 1 3043 0 310.05722
 1 3044 0 310.06781
 1 3045 0 310.078522
 1 3046 0 310.089386
 1 3047 0 310.100372
 1 3048 0 310.111481
 1 3049 0 310.122711
 1 3050 0 310.134125
 1 3051 0 310.14563
 1 3052 0 310.157288
 1 3053 0 310.169037
 1 3054 0 310.181
 1 3055 0 310.193024
 1 3056 0 310.20517
 1 3057 0 310.217499
 1 3058 0 310.229919
 1 3059 0 310.242462
 1 3060 0 310.255188
 1 3061 0 310.267944
 1 3062 0 310.280884
 1 3063 0 310.293945
 1 3064 0 310.307129
 1 3065 0 310.320435
 1 3066 0 310.333832
 1 3067 0 310.347382
 1 3068 0 310.361023
 1 3069 0 310.374817
 1 3070 0 310.388702
 1 3071 0 310.40271
 1 3072 0 310.41684
 1 3073 0 310.431091
 1 3074 0 310.445435
 1 3075 0 310.4599
 1 3076 0 310.474487
 1 3077 0 310.489166
 1 3078 0 310.503967
 1 3079 0 310.51889
 1 3080 0 310.533936
 1 3081 0 310.549042
 1 3082 0 310.56427
 1 3083 0 310.57962
 1 3084 0 310.595062
 1 3085 0 310.610626
 1 3086 0 310.626282
 1 3087 0 310.642029
 1 3088 0 310.657898
 1 3089 0 310.673859
 1 3090 0 310.689911
 1 3091 0 310.706055
 1 3092 0 310.722321
 1 3093 0 310.738678
 1 3094 0 310.755127
 1 3095 0 310.771667
 1 3096 0 310.7883
 1 3097 0 310.805023
 1 3098 0 310.821838
 1 3099 0 310.838745
 1 3100 0 310.855743
 1 3101 0 310.872833
 1 3102 0 310.889984
 1 3103 0 310.907257
 1 3104 0 310.924591
 1 3105 0 310.942017
 1 3106 0 310.959534
 1 3107 0 310.977112
 1 3108 0 310.994781
 1 3109 0 311.012543
 1 3110 0 311.030396
 1 3111 0 311.048279
 1 3112 0 311.066284
 1 3113 0 311.08432
 1 3114 0 311.102478
 1 3115 0 311.120667
 1 3116 0 311.138947
 1 3117 0 311.157288
 1 3118 0 311.17572
 1 3119 0 311.194214
 1 3120 0 311.212738
 1 3121 0 311.231384
 1 3122 0 311.250458
 1 3123 0 311.269562
 1 3124 0 311.288757
 1 3125 0 311.308014
 1 3126 0 311.327301
 1 3127 0 311.34668
 1 3128 0 311.366119
 1 3129 0 311.38559
 1 3130 0 311.405151
 1 3131 0 311.424744
 1 3132 0 311.444397
 1 3133 0 311.464111
 1 3134 0 311.483856
 1 3135 0 311.503662
 1 3136 0 311.523529
 1 3137 0 311.543427
 1 3138 0 311.563385
 1 3139 0 311.583374
 1 3140 0 311.603424
 1 3141 0 311.623505
 1 3142 0 311.643646
 1 3143 0 311.663788
 1 3144 0 311.684021
 1 3145 0 311.704254
 1 3146 0 311.724548
 1 3147 0 311.744843
 1 3148 0 311.765198
 1 3149 0 311.785583
 1 3150 0 311.806
 1 3151 0 311.826447
 1 3152 0 311.846924
 1 3153 0 311.867432
 1 3154 0 311.887939
 1 3155 0 311.908508
 1 3156 0 311.929077
 1 3157 0 311.949707
 1 3158 0 311.970337
 1 3159 0 311.990936
 1 3160 0 312.011627
 1 3161 0 312.032288
 1 3162 0 312.053009
 1 3163 0 312.07373
 1 3164 0 312.094452
 1 3165 0 312.115173
 1 3166 0 312.135925
 1 3167 0 312.156708
 1 3168 0 312.17746
 1 3169 0 312.198242
 1 3170 0 312.219025
 1 3171 0 312.239807
 1 3172 0 312.26059
 1 3173 0 312.281403
 1 3174 0 312.302185
 1 3175 0 312.322968
 1 3176 0 312.34375
 1 3177 0 312.364532
 1 3178 0 312.385345
 1 3179 0 312.406128
 1 3180 0 312.42688
 1 3181 0 312.447632
 1 3182 0 312.468414
 1 3183 0 312.489136
 1 3184 0 312.509857
 1 3185 0 312.530579
 1 3186 0 312.55127
 1 3187 0 312.57196
 1 3188 0 312.592621
 1 3189 0 312.613281
 1 3190 0 312.633881
 1 3191 0 312.65451
 1 3192 0 312.675079
 1 3193 0 312.695648
 1 3194 0 312.716187
 1 3195 0 312.736694
 1 3196 0 312.757172
 1 3197 0 312.777618
 1 3198 0 312.798035
 1 3199 0 312.81842
 1 3200 0 312.838776
 1 3201 0 312.8591
 1 3202 0 312.879364
 1 3203 0 312.899597
 1 3204 0 312.91983
 1 3205 0 312.940002
 1 3206 0 312.960114
 1 3207 0 312.980225
 1 3208 0 313.000244
 1 3209 0 313.020233
 1 3210 0 313.040192
 1 3211 0 313.06012
 1 3212 0 313.079987
 1 3213 0 313.099762
 1 3214 0 313.119507
 1 3215 0 313.139221
 1 3216 0 313.158875
 1 3217 0 313.178467
 1 3218 0 313.198029
 1 3219 0 313.217499
 1 3220 0 313.236908
 1 3221 0 313.256287
 1 3222 0 313.275604
 1 3223 0 313.29483
 1 3224 0 313.314117
 1 3225 0 313.333618
 1 3226 0 313.353027
 1 3227 0 313.372406
 1 3228 0 313.391693
 1 3229 0 313.410889
 1 3230 0 313.430084
 1 3231 0 313.449127
 1 3232 0 313.46814
 1 3233 0 313.487061
 1 3234 0 313.50592
 1 3235 0 313.524689
 1 3236 0 313.543365
 1 3237 0 313.561981
 1 3238 0 313.580505
 1 3239 0 313.598938
 1 3240 0 313.61731
 1 3241 0 313.63559
 1 3242 0 313.653778
 1 3243 0 313.671906
 1 3244 0 313.689911
 1 3245 0 313.707825
 1 3246 0 313.725677
 1 3247 0 313.743408
 1 3248 0 313.761078
 1 3249 0 313.778625
 1 3250 0 313.796082
 1 3251 0 313.813446
 1 3252 0 313.830688
 1 3253 0 313.84787
 1 3254 0 313.864929
 1 3255 0 313.881897
 1 3256 0 313.898773
 1 3257 0 313.915527
 1 3258 0 313.93219
 1 3259 0 313.94873
 1 3260 0 313.965179
 1 3261 0 313.981506
 1 3262 0 313.997742
 1 3263 0 314.013855
 1 3264 0 314.029877
 1 3265 0 314.045746
 1 3266 0 314.061554
 1 3267 0 314.07724
 1 3268 0 314.092804
 1 3269 0 314.108246
 1 3270 0 314.123566
 1 3271 0 314.138794
 1 3272 0 314.15387
 1 3273 0 314.168823
 1 3274 0 314.183685
 1 3275 0 314.198395
 1 3276 0 314.213013
 1 3277 0 314.227509
 1 3278 0 314.241852
 1 3279 0 314.256104
 1 3280 0 314.270203
 1 3281 0 314.28418
 1 3282 0 314.298035
 1 3283 0 314.311768
 1 3284 0 314.325378
 1 3285 0 314.338837
 1 3286 0 314.352173
 1 3287 0 314.365356
 1 3288 0 314.378418
 1 3289 0 314.391388
 1 3290 0 314.404175
 1 3291 0 314.416809
 1 3292 0 314.429382
 1 3293 0 314.441742
 1 3294 0 314.45401
 1 3295 0 314.466125
 1 3296 0 314.478088
 1 3297 0 314.489929
 1 3298 0 314.501617
 1 3299 0 314.513184
 1 3300 0 314.524597
 1 3301 0 314.535858
 1 3302 0 314.546967
 1 3303 0 314.557953
 1 3304 0 314.568787
 1 3305 0 314.579468
 1 3306 0 314.590027
 1 3307 0 314.600403
 1 3308 0 314.610657
 1 3309 0 314.620728
 1 3310 0 314.630707
 1 3311 0 314.640472
 1 3312 0 314.650146
 1 3313 0 314.659607
 1 3314 0 314.668945
 1 3315 0 314.678131
 1 3316 0 314.687164
 1 3317 0 314.696045
 1 3318 0 314.704803
 1 3319 0 314.713379
 1 3320 0 314.721771
 1 3321 0 314.730042
 1 3322 0 314.738129
 1 3323 0 314.746094
 1 3324 0 314.753876
 1 3325 0 314.761505
 1 3326 0 314.768982
 1 3327 0 314.776276
 1 3328 0 314.783447
 1 3329 0 314.790436
 1 3330 0 314.797272
 1 3331 0 314.803955
 1 3332 0 314.810486
 1 3333 0 314.816833
 1 3334 0 314.822998
 1 3335 0 314.829041
 1 3336 0 314.8349
 1 3337 0 314.840576
 1 3338 0 314.84613
 1 3339 0 314.851501
 1 3340 0 314.856689
 1 3341 0 314.861755
 1 3342 0 314.866638
 1 3343 0 314.871338
 1 3344 0 314.875885
 1 3345 0 314.88028
 1 3346 0 314.884491
 1 3347 0 314.888519
 1 3348 0 314.892395
 1 3349 0 314.896118
 1 3350 0 314.899658
 1 3351 0 314.903046
 1 3352 0 314.90625
 1 3353 0 314.909271
 1 3354 0 314.91217
 1 3355 0 314.914886
 1 3356 0 314.917419
 1 3357 0 314.919769
 1 3358 0 314.921997
 1 3359 0 314.924011
 1 3360 0 314.925873
 1 3361 0 314.927582
 1 3362 0 314.929108
 1 3363 0 314.93045
 1 3364 0 314.931641
 1 3365 0 314.932648
 1 3366 0 314.933502
 1 3367 0 314.934174
 1 3368 0 314.934662
 1 3369 0 314.935028
 1 3370 0 314.935181
 1 3371 0 314.935181
 1 3372 0 314.935028
 1 3373 0 314.934662
 1 3374 0 314.934143
 1 3375 0 314.933472
 1 3376 0 314.932617
 1 3377 0 314.93161
 1 3378 0 314.93042
 1 3379 0 314.929047
 1 3380 0 314.927521
 1 3381 0 314.925812
 1 3382 0 314.92395
 1 3383 0 314.921906
 1 3384 0 314.919708
 1 3385 0 314.917328
 1 3386 0 314.914795
 1 3387 0 314.912079
 1 3388 0 314.90921
 1 3389 0 314.906158
 1 3390 0 314.902954
 1 3391 0 314.899536
 1 3392 0 314.895996
 1 3393 0 314.892273
 1 3394 0 314.888397
 1 3395 0 314.884338
 1 3396 0 314.880127
 1 3397 0 314.875732
 1 3398 0 314.871185
 1 3399 0 314.866455
 1 3400 0 314.861603
 1 3401 0 314.856537
 1 3402 0 314.851318
 1 3403 0 314.845947
 1 3404 0 314.840393
 1 3405 0 314.834717
 1 3406 0 314.828857
 1 3407 0 314.822815
 1 3408 0 314.81662
 1 3409 0 314.810272
 1 3410 0 314.803741
 1 3411 0 314.797058
 1 3412 0 314.790222
 1 3413 0 314.783234
 1 3414 0 314.776062
 1 3415 0 314.768738
 1 3416 0 314.761261
 1 3417 0 314.753632
 1 3418 0 314.74585
 1 3419 0 314.737885
 1 3420 0 314.729767
 1 3421 0 314.721497
 1 3422 0 314.713104
 1 3423 0 314.704498
 1 3424 0 314.69577
 1 3425 0 314.68689
 1 3426 0 314.677856
 1 3427 0 314.66864
 1 3428 0 314.659302
 1 3429 0 314.649811
 1 3430 0 314.640167
 1 3431 0 314.630371
 1 3432 0 314.620422
 1 3433 0 314.610321
 1 3434 0 314.600067
 1 3435 0 314.589661
 1 3436 0 314.579132
 1 3437 0 314.568451
 1 3438 0 314.557617
 1 3439 0 314.546631
 1 3440 0 314.535492
 1 3441 0 314.524231
 1 3442 0 314.512817
 1 3443 0 314.501251
 1 3444 0 314.489532
 1 3445 0 314.477692
 1 3446 0 314.465729
 1 3447 0 314.453613
 1 3448 0 314.441345
 1 3449 0 314.428955
 1 3450 0 314.416443
 1 3451 0 314.403748
 1 3452 0 314.39093
 1 3453 0 314.378021
 1 3454 0 314.364929
 1 3455 0 314.351715
 1 3456 0 314.338379
 1 3457 0 314.32489
 1 3458 0 314.31131
 1 3459 0 314.297577
 1 3460 0 314.283722
 1 3461 0 314.269714
 1 3462 0 314.255615
 1 3463 0 314.241364
 1 3464 0 314.22702
 1 3465 0 314.212524
 1 3466 0 314.197906
 1 3467 0 314.183167
 1 3468 0 314.168335
 1 3469 0 314.153351
 1 3470 0 314.138275
 1 3471 0 314.123047
 1 3472 0 314.107727
 1 3473 0 314.092255
 1 3474 0 314.076691
 1 3475 0 314.061035
 1 3476 0 314.045227
 1 3477 0 314.029327
 1 3478 0 314.013306
 1 3479 0 313.997192
 1 3480 0 313.980957
 1 3481 0 313.9646
 1 3482 0 313.948151
 1 3483 0 313.93161
 1 3484 0 313.914948
 1 3485 0 313.898163
 1 3486 0 313.881317
 1 3487 0 313.864349
 1 3488 0 313.84726
 1 3489 0 313.830078
 1 3490 0 313.812805
 1 3491 0 313.795441
 1 3492 0 313.777985
 1 3493 0 313.760437
 1 3494 0 313.742767
 1 3495 0 313.725037
 1 3496 0 313.707184
 1 3497 0 313.68927
 1 3498 0 313.671234
 1 3499 0 313.653137
 1 3500 0 313.634918
 1 3501 0 313.616638
 1 3502 0 313.598267
 1 3503 0 313.579834
 1 3504 0 313.561279
 1 3505 0 313.542664
 1 3506 0 313.523987
 1 3507 0 313.505219
 1 3508 0 313.486359
 1 3509 0 313.467438
 1 3510 0 313.448425
 1 3511 0 313.429321
 1 3512 0 313.410187
 1 3513 0 313.390961
 1 3514 0 313.371674
 1 3515 0 313.352295
 1 3516 0 313.332855
 1 3517 0 313.313354
 1 3518 0 313.294067
 1 3519 0 313.274841
 1 3520 0 313.255524
 1 3521 0 313.236145
 1 3522 0 313.216736
 1 3523 0 313.197235
 1 3524 0 313.177673
 1 3525 0 313.158081
 1 3526 0 313.138428
 1 3527 0 313.118713
 1 3528 0 313.098938
 1 3529 0 313.079163
 1 3530 0 313.059265
 1 3531 0 313.039368
 1 3532 0 313.019409
 1 3533 0 312.99942
 1 3534 0 312.97934
 1 3535 0 312.959259
 1 3536 0 312.939117
 1 3537 0 312.918945
 1 3538 0 312.898743
 1 3539 0 312.878479
 1 3540 0 312.858185
 1 3541 0 312.83786
 1 3542 0 312.817505
 1 3543 0 312.797119
 1 3544 0 312.776672
 1 3545 0 312.756226
 1 3546 0 312.735748
 1 3547 0 312.71524
 1 3548 0 312.694702
 1 3549 0 312.674103
 1 3550 0 312.653534
 1 3551 0 312.632935
 1 3552 0 312.612274
 1 3553 0 312.591614
 1 3554 0 312.570953
 1 3555 0 312.550262
 1 3556 0 312.529541
 1 3557 0 312.50882
 1 3558 0 312.488098
 1 3559 0 312.467346
 1 3560 0 312.446594
 1 3561 0 312.425812
 1 3562 0 312.405029
 1 3563 0 312.384247
 1 3564 0 312.363464
 1 3565 0 312.342682
 1 3566 0 312.321869
 1 3567 0 312.301056
 1 3568 0 312.280273
 1 3569 0 312.25946
 1 3570 0 312.238647
 1 3571 0 312.217865
 1 3572 0 312.197052
 1 3573 0 312.17627
 1 3574 0 312.155487
 1 3575 0 312.134735
 1 3576 0 312.113953
 1 3577 0 312.093231
 1 3578 0 312.072479
 1 3579 0 312.051758
 1 3580 0 312.031067
 1 3581 0 312.010376
 1 3582 0 311.989685
 1 3583 0 311.969025
 1 3584 0 311.948395
 1 3585 0 311.927765
 1 3586 0 311.907196
 1 3587 0 311.886627
 1 3588 0 311.866089
 1 3589 0 311.845551
 1 3590 0 311.825073
 1 3591 0 311.804626
 1 3592 0 311.78418
 1 3593 0 311.763794
 1 3594 0 311.743439
 1 3595 0 311.723083
 1 3596 0 311.702789
 1 3597 0 311.682526
 1 3598 0 311.662323
 1 3599 0 311.642151
 1 3600 0 311.622009
 1 3601 0 311.601898
 1 3602 0 311.581848
 1 3603 0 311.561829
 1 3604 0 311.54187
 1 3605 0 311.521942
 1 3606 0 311.502075
 1 3607 0 311.482239
 1 3608 0 311.462463
 1 3609 0 311.442749
 1 3610 0 311.423096
 1 3611 0 311.403473
 1 3612 0 311.383911
 1 3613 0 311.36441
 1 3614 0 311.344971
 1 3615 0 311.325592
 1 3616 0 311.306244
 1 3617 0 311.286987
 1 3618 0 311.267792
 1 3619 0 311.248657
 1 3620 0 311.229584
 1 3621 0 311.210968
 1 3622 0 311.192352
 1 3623 0 311.173859
 1 3624 0 311.155426
 1 3625 0 311.137054
 1 3626 0 311.118805
 1 3627 0 311.100555
 1 3628 0 311.082428
 1 3629 0 311.064331
 1 3630 0 311.046326
 1 3631 0 311.028412
 1 3632 0 311.010559
 1 3633 0 310.992798
 1 3634 0 310.975098
 1 3635 0 310.957489
 1 3636 0 310.939941
 1 3637 0 310.922516
 1 3638 0 310.905151
 1 3639 0 310.887848
 1 3640 0 310.870667
 1 3641 0 310.853577
 1 3642 0 310.836548
 1 3643 0 310.819641
 1 3644 0 310.802795
 1 3645 0 310.786041
 1 3646 0 310.769409
 1 3647 0 310.752838
 1 3648 0 310.736359
 1 3649 0 310.720001
 1 3650 0 310.703705
 1 3651 0 310.687531
 1 3652 0 310.671448
 1 3653 0 310.655457
 1 3654 0 310.639587
 1 3655 0 310.62384
 1 3656 0 310.608124
 1 3657 0 310.59256
 1 3658 0 310.577087
 1 3659 0 310.561737
 1 3660 0 310.546478
 1 3661 0 310.531311
 1 3662 0 310.516266
 1 3663 0 310.501343
 1 3664 0 310.486511
 1 3665 0 310.471802
 1 3666 0 310.457184
 1 3667 0 310.442688
 1 3668 0 310.428314
 1 3669 0 310.414063
 1 3670 0 310.399902
 1 3671 0 310.385864
 1 3672 0 310.371948
 1 3673 0 310.358154
 1 3674 0 310.344482
 1 3675 0 310.330902
 1 3676 0 310.317444
 1 3677 0 310.304138
 1 3678 0 310.290955
 1 3679 0 310.277863
 1 3680 0 310.264893
 1 3681 0 310.252075
 1 3682 0 310.23938
 1 3683 0 310.226776
 1 3684 0 310.214325
 1 3685 0 310.201996
 1 3686 0 310.189789
 1 3687 0 310.177734
 1 3688 0 310.165802
 1 3689 0 310.153992
 1 3690 0 310.142303
 1 3691 0 310.130737
 1 3692 0 310.119354
 1 3693 0 310.108063
 1 3694 0 310.096893
 1 3695 0 310.085907
 1 3696 0 310.075012
 1 3697 0 310.06427
 1 3698 0 310.05368
 1 3699 0 310.043182
 1 3700 0 310.032867
 1 3701 0 310.022675
 1 3702 0 310.012604
 1 3703 0 310.002686
 1 3704 0 309.99292
 1 3705 0 309.983276
 1 3706 0 309.973785
 1 3707 0 309.964447
 1 3708 0 309.955231
 1 3709 0 309.946167
 1 3710 0 309.937225
 1 3711 0 309.928467
 1 3712 0 309.91983
 1 3713 0 309.911346
 1 3714 0 309.902985
 1 3715 0 309.894806
 1 3716 0 309.886749
 1 3717 0 309.878845
 1 3718 0 309.871094
 1 3719 0 309.863464
 1 3720 0 309.856018
 1 3721 0 309.848724
 1 3722 0 309.841553
 1 3723 0 309.834534
 1 3724 0 309.827667
 1 3725 0 309.820984
 1 3726 0 309.814423
 1 3727 0 309.808014
 1 3728 0 309.801758
 1 3729 0 309.795654
 1 3730 0 309.789703
 1 3731 0 309.783905
 1 3732 0 309.778259
 1 3733 0 309.772766
 1 3734 0 309.767426
 1 3735 0 309.762238
 1 3736 0 309.757233
 1 3737 0 309.75235
 1 3738 0 309.74765
 1 3739 0 309.743073
 1 3740 0 309.738678
 1 3741 0 309.734406
 1 3742 0 309.730347
 1 3743 0 309.72641
 1 3744 0 309.722626
 1 3745 0 309.718994
 1 3746 0 309.715515
 1 3747 0 309.712219
 1 3748 0 309.709076
 1 3749 0 309.706085
 1 3750 0 309.703247
 1 3751 0 309.700592
 1 3752 0 309.698059
 1 3753 0 309.695709
 1 3754 0 309.693512
 1 3755 0 309.691467
 1 3756 0 309.689575
 1 3757 0 309.687866
 1 3758 0 309.68631
 1 3759 0 309.684906
 1 3760 0 309.683655
 1 3761 0 309.682587
 1 3762 0 309.681641
 1 3763 0 309.680878
 1 3764 0 309.680298
 1 3765 0 309.67984
 1 3766 0 309.679565
 1 3767 0 309.679443
 1 3768 0 309.679474
 1 3769 0 309.679657
 1 3770 0 309.680023
 1 3771 0 309.680542
 1 3772 0 309.681213
 1 3773 0 309.682037
 1 3774 0 309.683014
 1 3775 0 309.684174
 1 3776 0 309.685486
 1 3777 0 309.686951
 1 3778 0 309.688599
 1 3779 0 309.690399
 1 3780 0 309.692322
 1 3781 0 309.694458
 1 3782 0 309.696716
 1 3783 0 309.699127
 1 3784 0 309.701721
 1 3785 0 309.704468
 1 3786 0 309.707367
 1 3787 0 309.710419
 1 3788 0 309.713654
 1 3789 0 309.71701
 1 3790 0 309.720551
 1 3791 0 309.724243
 1 3792 0 309.728088
 1 3793 0 309.732086
 1 3794 0 309.736237
 1 3795 0 309.74054
 1 3796 0 309.745026
 1 3797 0 309.749664
 1 3798 0 309.754456
 1 3799 0 309.759369
 1 3800 0 309.764465
 1 3801 0 309.769714
 1 3802 0 309.775116
 1 3803 0 309.78067
 1 3804 0 309.786377
 1 3805 0 309.792236
 1 3806 0 309.798279
 1 3807 0 309.804443
 1 3808 0 309.81076
 1 3809 0 309.81723
 1 3810 0 309.823853
 1 3811 0 309.830627
 1 3812 0 309.837555
 1 3813 0 309.844635
 1 3814 0 309.851837
 1 3815 0 309.859222
 1 3816 0 309.86673
 1 3817 0 309.87442
 1 3818 0 309.882233
 1 3819 0 309.890198
 1 3820 0 309.898315
 1 3821 0 309.906586
 1 3822 0 309.914978
 1 3823 0 309.923523
 1 3824 0 309.93222
 1 3825 0 309.941071
 1 3826 0 309.950073
 1 3827 0 309.959167
 1 3828 0 309.968475
 1 3829 0 309.977875
 1 3830 0 309.987427
 1 3831 0 309.997101
 1 3832 0 310.006958
 1 3833 0 310.016937
 1 3834 0 310.027039
 1 3835 0 310.037292
 1 3836 0 310.047699
 1 3837 0 310.058228
 1 3838 0 310.068878
 1 3839 0 310.079712
 1 3840 0 310.090637
 1 3841 0 310.101685
 1 3842 0 310.112885
 1 3843 0 310.124237
 1 3844 0 310.135712
 1 3845 0 310.147308
 1 3846 0 310.159058
 1 3847 0 310.170929
 1 3848 0 310.182922
 1 3849 0 310.195038
 1 3850 0 310.207275
 1 3851 0 310.219666
 1 3852 0 310.232208
 1 3853 0 310.244843
 1 3854 0 310.257599
 1 3855 0 310.270447
 1 3856 0 310.283478
 1 3857 0 310.2966
 1 3858 0 310.309845
 1 3859 0 310.323212
 1 3860 0 310.3367
 1 3861 0 310.350342
 1 3862 0 310.364075
 1 3863 0 310.377899
 1 3864 0 310.391876
 1 3865 0 310.405975
 1 3866 0 310.420166
 1 3867 0 310.434479
 1 3868 0 310.448914
 1 3869 0 310.46344
 1 3870 0 310.478119
 1 3871 0 310.492859
 1 3872 0 310.507751
 1 3873 0 310.522736
 1 3874 0 310.537811
 1 3875 0 310.553009
 1 3876 0 310.568329
 1 3877 0 310.58374
 1 3878 0 310.599243
 1 3879 0 310.614868
 1 3880 0 310.630585
 1 3881 0 310.646393
 1 3882 0 310.662323
 1 3883 0 310.678345
 1 3884 0 310.694458
 1 3885 0 310.710693
 1 3886 0 310.72702
 1 3887 0 310.743408
 1 3888 0 310.759918
 1 3889 0 310.77652
 1 3890 0 310.793213
 1 3891 0 310.809998
 1 3892 0 310.826874
 1 3893 0 310.843842
 1 3894 0 310.86087
 1 3895 0 310.878052
 1 3896 0 310.895264
 1 3897 0 310.912567
 1 3898 0 310.929962
 1 3899 0 310.947449
 1 3900 0 310.964996
 1 3901 0 310.982635
 1 3902 0 311.000366
 1 3903 0 311.018188
 1 3904 0 311.036041
 1 3905 0 311.054016
 1 3906 0 311.072052
 1 3907 0 311.090118
 1 3908 0 311.108307
 1 3909 0 311.126556
 1 3910 0 311.144867
 1 3911 0 311.163269
 1 3912 0 311.181732
 1 3913 0 311.200287
 1 3914 0 311.218872
 1 3915 0 311.237671
 1 3916 0 311.256775
 1 3917 0 311.27594
 1 3918 0 311.295166
 1 3919 0 311.314453
 1 3920 0 311.333801
 1 3921 0 311.35321
 1 3922 0 311.372681
 1 3923 0 311.392181
 1 3924 0 311.411743
 1 3925 0 311.431396
 1 3926 0 311.45108
 1 3927 0 311.470825
 1 3928 0 311.490631
 1 3929 0 311.510468
 1 3930 0 311.530334
 1 3931 0 311.550293
 1 3932 0 311.570251
 1 3933 0 311.590271
 1 3934 0 311.610352
 1 3935 0 311.630463
 1 3936 0 311.650604
 1 3937 0 311.670807
 1 3938 0 311.69104
 1 3939 0 311.711304
 1 3940 0 311.731628
 1 3941 0 311.751953
 1 3942 0 311.772339
 1 3943 0 311.792725
 1 3944 0 311.813171
 1 3945 0 311.833618
 1 3946 0 311.854126
 1 3947 0 311.874664
 1 3948 0 311.895203
 1 3949 0 311.915771
 1 3950 0 311.936371
 1 3951 0 311.95694
 1 3952 0 311.9776
 1 3953 0 311.99826
 1 3954 0 312.018921
 1 3955 0 312.039612
 1 3956 0 312.060333
 1 3957 0 312.081024
 1 3958 0 312.101807
 1 3959 0 312.122528
 1 3960 0 312.143311
 1 3961 0 312.164032
 1 3962 0 312.184845
 1 3963 0 312.205627
 1 3964 0 312.226379
 1 3965 0 312.247162
 1 3966 0 312.267975
 1 3967 0 312.288757
 1 3968 0 312.30957
 1 3969 0 312.330322
 1 3970 0 312.351135
 1 3971 0 312.371918
 1 3972 0 312.3927
 1 3973 0 312.413483
 1 3974 0 312.434235
 1 3975 0 312.454987
 1 3976 0 312.475739
 1 3977 0 312.49646
 1 3978 0 312.517181
 1 3979 0 312.537903
 1 3980 0 312.558563
 1 3981 0 312.579224
 1 3982 0 312.599884
 1 3983 0 312.620544
 1 3984 0 312.641113
 1 3985 0 312.661743
 1 3986 0 312.682251
 1 3987 0 312.70285
 1 3988 0 312.723328
 1 3989 0 312.743835
 1 3990 0 312.764313
 1 3991 0 312.784729
 1 3992 0 312.805145
 1 3993 0 312.8255
 1 3994 0 312.845825
 1 3995 0 312.866119
 1 3996 0 312.886383
 1 3997 0 312.906616
 1 3998 0 312.926788
 1 3999 0 312.94693
 1 4000 0 312.967041
