 1 1 0 322.903656
 1 2 0 322.986084
 1 3 0 323.102966
 1 4 0 323.254272
 1 5 0 323.440002
 1 6 0 323.671967
 1 7 0 323.945892
 1 8 0 324.256866
 1 9 0 324.604889
 1 10 0 324.992493
 1 11 0 325.450714
 1 12 0 325.949463
 1 13 0 326.489014
 1 14 0 327.025146
 1 15 0 327.591797
 1 16 0 327.992157
 1 17 0 328.008362
 1 18 0 328.045563
 1 19 0 328.380066
 1 20 0 328.743805
 1 21 0 330.567657
 1 22 0 332.276978
 1 23 0 332.730011
 1 24 0 333.489014
 1 25 0 334.721313
 1 26 0 335.088043
 1 27 0 335.269257
 1 28 0 335.650543
 1 29 0 336.766022
 1 30 0 338.889526
 1 31 0 342.049438
 1 32 0 344.186523
 1 33 0 347.476288
 1 34 0 350.156464
 1 35 0 353.812531
 1 36 0 359.24353
 1 37 0 363.160217
 1 38 0 364.905121
