 48.3187256,  20.9575195,  27.3704071,  9.201049805E-3,  9.237854
 48.2574463,  35.9709473,  12.2725029,  1.399612427E-2,  14.0521088
 48.1655273,  22.4282227,  25.7417564,  4.451751709E-3,  4.46955872
 48.1348877,  34.5308838,  13.5938168,  1.01852417E-2,  10.2259827
 48.0736084,  23.6538086,  24.4088001,  1.100158691E-2,  11.0455933
 48.0123291,  33.3665771,  14.6334057,  1.234436035E-2,  12.3937378
 48.0123291,  24.664917,  23.3564053,  8.995056152E-3,  9.03103638
 47.9204102,  32.4473877,  15.4750891,  2.067565918E-3,  2.07583618
 47.8897705,  25.4309082,  22.4460373,  1.282501221E-2,  12.8763123
 47.8591309,  31.6813965,  16.1724167,  5.317687988E-3,  5.33895874
 47.8284912,  26.1356201,  21.7033081,  1.043701172E-2,  10.4787598
 47.7672119,  31.0379639,  16.7300453,  7.972717285E-4,  0.800460815
 47.7059326,  26.6564941,  21.0443974,  5.043029785E-3,  5.0632019
 47.7059326,  30.5170898,  17.2015285,  1.268768311E-2,  12.7384338
 47.6446533,  27.1160889,  20.5310059,  2.44140625E-3,  2.45117188
 47.6140137,  30.0881348,  17.530983,  5.104064941E-3,  5.1244812
 47.5527344,  27.453125,  20.0944481,  5.1612854E-3,  5.18193054
 47.5527344,  29.7510986,  17.8068886,  5.252838135E-3,  5.27384949
 47.5220947,  27.7595215,  19.7696495,  7.076263428E-3,  7.10456848
 47.4301758,  29.4753418,  17.9454212,  9.414672852E-3,  9.45233154
 47.4301758,  27.9433594,  19.4984016,  1.15852356E-2,  11.6315765
 47.3995361,  29.2915039,  18.1084042,  3.73840332E-4,  0.375335693
 47.3995361,  28.1271973,  19.2818699,  9.52911377E-3,  9.56723022
 47.3382568,  29.1383057,  18.1898937,  1.005554199E-2,  10.0957642
 47.3382568,  28.2497559,  19.0944405,  5.939483643E-3,  5.96324158
 47.3076172,  29.0463867,  18.2667274,  5.49697876E-3,  5.51896667
 47.3076172,  28.3416748,  18.9605637,  5.378723145E-3,  5.40023804
 47.2769775,  28.9851074,  18.2946682,  2.799987793E-3,  2.81118774
 47.2463379,  28.4335938,  18.8220291,  9.284973145E-3,  9.32211304
 47.1850586,  28.8931885,  18.2935028,  1.63269043E-3,  1.63922119
 47.2156982,  28.4642334,  18.7405376,  1.092529297E-2,  10.9689941
 47.1544189,  28.8931885,  18.265564,  4.333496094E-3,  4.35083008
 47.1544189,  28.494873,  18.6555557,  3.99017334E-3,  4.00613403
 47.1544189,  28.8625488,  18.2865181,  5.352020264E-3,  5.37342834
 47.1237793,  28.586792,  18.54496,  7.972717285E-3,  8.00460815
 47.1237793,  28.8012695,  18.3092194,  1.329040527E-2,  13.3435669
 47.0931396,  28.6480713,  18.4372768,  7.789611816E-3,  7.82077026
 47.0625,  28.8012695,  18.2766228,  1.539230347E-2,  15.4538727
 47.0625,  28.6480713,  18.4046803,  9.750366211E-3,  9.78936768
 47.0625,  28.8319092,  18.2457733,  1.518249512E-2,  15.2432251
 47.0625,  28.6787109,  18.3703384,  1.345062256E-2,  13.504425
 47.0318604,  28.8319092,  18.1898937,  1.005554199E-2,  10.0957642
 47.0625,  28.7399902,  18.335413,  1.290130615E-2,  12.9529114
 47.0318604,  28.8625488,  18.1799984,  1.068878174E-2,  10.7315369
 47.0318604,  28.7399902,  18.2795334,  1.233673096E-2,  12.3860779
 47.0318604,  28.8931885,  18.1468201,  8.148193359E-3,  8.18078613
 47.0318604,  28.8012695,  18.2440281,  1.343536377E-2,  13.4891052
 47.0012207,  28.8931885,  18.1101494,  2.117156982E-3,  2.12562561
 47.0318604,  28.8319092,  18.2102661,  1.031494141E-2,  10.3562012
 47.0318604,  28.9238281,  18.1025829,  5.447387695E-3,  5.46917725
 47.0318604,  28.8931885,  18.1462383,  7.568359375E-3,  7.59863281
 47.0318604,  28.9544678,  18.0891953,  1.180267334E-2,  11.849884
 47.0318604,  28.9238281,  18.1124783,  4.447937012E-3,  4.46572876
 47.0318604,  28.9851074,  18.0560169,  9.262084961E-3,  9.2991333
 47.0625,  28.9544678,  18.0996723,  8.361816406E-3,  8.39526367
 47.0625,  29.0463867,  18.0164356,  3.204345703E-4,  0.321716309
 47.0625,  29.0157471,  18.0612545,  1.4503479E-2,  14.5614929
 47.0931396,  29.0770264,  18.030405,  1.428985596E-2,  14.3470154
 47.0625,  29.0770264,  17.9983902,  1.291656494E-2,  12.9682312
 47.0931396,  29.0770264,  18.0175991,  1.487731934E-3,  1.49368286
 47.1237793,  29.1383057,  17.9832573,  2.216339111E-3,  2.22520447
 47.1237793,  29.1383057,  17.9785995,  6.874084473E-3,  6.90158081
 47.1237793,  29.1689453,  17.943676,  1.11579895E-2,  11.2026215
 47.1544189,  29.199585,  17.9617195,  6.885528564E-3,  6.91307068
 47.1850586,  29.2302246,  17.9564819,  1.647949219E-3,  1.65454102
 47.1544189,  29.2608643,  17.8959446,  2.388000488E-3,  2.39755249
 47.2156982,  29.2608643,  17.9611378,  6.301879883E-3,  6.3270874
 47.2156982,  29.3221436,  17.8802299,  1.332473755E-2,  13.3780365
 47.2769775,  29.3221436,  17.9460049,  8.827209473E-3,  8.86251831
 47.2463379,  29.4140625,  17.8394833,  7.209777832E-3,  7.23861694
 47.2769775,  29.3527832,  17.9273777,  3.18145752E-3,  3.19418335
 47.3076172,  29.4753418,  17.844141,  1.18637085E-2,  11.9111633
 47.3382568,  29.4140625,  17.9099159,  1.427841187E-2,  14.3355255
 47.3382568,  29.5366211,  17.8010674,  5.683898926E-4,  0.570663452
 47.3995361,  29.4753418,  17.9145718,  9.620666504E-3,  9.65914917
 47.3995361,  29.62854,  17.7824402,  1.14440918E-2,  11.4898682
 47.4608154,  29.5366211,  17.9169006,  7.293701172E-3,  7.32287598
 47.4301758,  29.6898193,  17.7387848,  1.571655273E-3,  1.57794189
 47.5220947,  29.5979004,  17.9215565,  2.639770508E-3,  2.65032959
 47.5220947,  29.7817383,  17.7416954,  1.33895874E-3,  1.34431458
 47.583374,  29.6898193,  17.899437,  5.882263184E-3,  5.90579224
 47.6140137,  29.8430176,  17.7684708,  2.52532959E-3,  2.53543091
 47.6446533,  29.7817383,  17.8540363,  8.880615234E-3,  8.9161377
 47.6446533,  29.9042969,  17.7440243,  3.66973877E-3,  3.68441772
 47.7059326,  29.8430176,  17.8528709,  1.00440979E-2,  10.0842743
 47.7059326,  29.9962158,  17.72365,  1.393127441E-2,  13.9869995
 47.8284912,  29.9349365,  17.9011841,  7.629394531E-3,  7.65991211
 47.7978516,  30.0881348,  17.6968746,  1.2840271E-2,  12.8916321
 47.8897705,  30.0268555,  17.8761539,  1.323699951E-2,  13.2899475
 47.9204102,  30.1800537,  17.7457695,  5.41305542E-3,  5.43470764
 47.9510498,  30.1187744,  17.8249321,  7.343292236E-3,  7.37266541
 47.9816895,  30.241333,  17.7422771,  1.922607422E-3,  1.93029785
 48.0429688,  30.2106934,  17.8237686,  8.506774902E-3,  8.540802
 48.0736084,  30.333252,  17.7376213,  2.735137939E-3,  2.74607849
 48.1348877,  30.3026123,  17.8185291,  1.374816895E-2,  13.8031616
 48.1655273,  30.4251709,  17.7370377,  3.318786621E-3,  3.33206177
 48.2268066,  30.4251709,  17.8138733,  1.223754883E-2,  12.286499
 48.2574463,  30.5170898,  17.7539196,  1.356506348E-2,  13.6193237
 48.3493652,  30.5170898,  17.8342457,  1.968383789E-3,  1.97625732
 48.3493652,  30.6396484,  17.7230682,  1.335144043E-2,  13.4048462
 48.4412842,  30.5783691,  17.8499622,  1.295471191E-2,  13.0065308
 48.4719238,  30.762207,  17.717247,  7.530212402E-3,  7.56033325
 48.5332031,  30.7009277,  17.8418121,  9.536743164E-3,  9.57489014
 48.5944824,  30.8234863,  17.7562466,  1.474761963E-2,  14.8066101
 48.6251221,  30.854126,  17.7865143,  1.551818848E-2,  15.5802612
 48.717041,  30.8847656,  17.8179474,  1.432800293E-2,  14.3853149
 48.7476807,  31.0073242,  17.7545013,  1.414489746E-2,  14.2014771
 48.8395996,  30.9766846,  17.8517075,  1.120758057E-2,  11.2524109
 48.8395996,  31.1298828,  17.7219048,  1.218795776E-2,  12.2367096
 48.9315186,  31.0686035,  17.8650951,  2.182006836E-3,  2.19073486
 48.9927979,  31.2218018,  17.757412,  1.358413696E-2,  13.6384735
 49.0847168,  31.2218018,  17.8522892,  1.062774658E-2,  10.6702576
 49.0847168,  31.3443604,  17.746933,  6.576538086E-3,  6.60284424
 49.1766357,  31.3137207,  17.861021,  1.892089844E-3,  1.8996582
 49.2685547,  31.4669189,  17.7993202,  2.31552124E-3,  2.32478333
 49.329834,  31.4669189,  17.8511257,  1.178741455E-2,  11.8345642
 49.3604736,  31.5894775,  17.7853508,  1.435470581E-2,  14.4121246
 49.4523926,  31.5588379,  17.8802299,  1.332473755E-2,  13.3780365
 49.5136719,  31.7120361,  17.7929173,  8.720397949E-3,  8.75527954
 49.5749512,  31.7120361,  17.8650951,  2.182006836E-3,  2.19073486
 49.6668701,  31.8345947,  17.8458862,  1.361083984E-2,  13.6652832
 49.7281494,  31.8652344,  17.8680058,  5.088806152E-3,  5.10916138
 49.7894287,  31.9265137,  17.8511257,  1.178741455E-2,  11.8345642
 49.850708,  31.987793,  17.8528709,  1.00440979E-2,  10.0842743
 49.9732666,  32.0797119,  17.9006023,  7.049560547E-3,  7.07775879
 50.0039063,  32.1409912,  17.8557816,  7.133483887E-3,  7.16201782
 50.0958252,  32.2022705,  17.9023476,  8.792877197E-3,  8.82804871
 50.1877441,  32.2941895,  17.9029312,  9.376525879E-3,  9.41403198
 50.2183838,  32.3248291,  17.8813934,  1.216125488E-2,  12.2098999
 50.3409424,  32.416748,  17.9273777,  3.18145752E-3,  3.19418335
 50.4022217,  32.508667,  17.9029312,  9.376525879E-3,  9.41403198
 50.4941406,  32.5393066,  17.9506607,  4.173278809E-3,  4.18997192
 50.5860596,  32.6618652,  17.9262142,  2.021789551E-3,  2.02987671
 50.6473389,  32.6925049,  17.9489136,  5.920410156E-3,  5.9440918
 50.7392578,  32.7844238,  17.9460049,  8.827209473E-3,  8.86251831
 50.8311768,  32.8763428,  17.9675407,  1.270675659E-2,  12.7575836
 50.9230957,  32.9376221,  17.9879131,  2.44140625E-3,  2.45117188
 51.0150146,  33.029541,  17.9850025,  4.730224609E-4,  0.474914551
 51.1069336,  33.0908203,  18.0036297,  1.248168945E-2,  12.5316162
 51.1988525,  33.1827393,  18.0036297,  1.248168945E-2,  12.5316162
 51.2907715,  33.2746582,  18.0222569,  6.141662598E-3,  6.16622925
 51.3826904,  33.3359375,  18.0397186,  7.034301758E-3,  7.06243896
 51.4439697,  33.4278564,  18.0158539,  2.593994141E-4,  0.260437012
 51.597168,  33.4891357,  18.09618,  1.18522644E-2,  11.8996735
 51.6584473,  33.642334,  18.0292416,  1.313018799E-2,  13.1827087
 51.7503662,  33.642334,  18.1095676,  1.533508301E-3,  1.53964233
 51.8422852,  33.7648926,  18.0630016,  1.438903809E-2,  14.4465942
 51.9648438,  33.8568115,  18.119463,  1.142883301E-2,  11.4745483
 52.026123,  33.9180908,  18.0955982,  1.243591309E-2,  12.4856567
 52.1486816,  34.0100098,  18.1311035,  7.568359375E-3,  7.59863281
 52.2099609,  34.1019287,  18.1054935,  2.540588379E-3,  2.55075073
 52.3631592,  34.1938477,  18.1823273,  1.301574707E-2,  13.0678101
 52.4550781,  34.2857666,  18.1555519,  1.375961304E-2,  13.8146515
 52.5469971,  34.3776855,  18.1689396,  3.73840332E-4,  0.375335693
 52.6695557,  34.4696045,  18.2032814,  3.330230713E-3,  3.34355164
 52.7614746,  34.5615234,  18.1968784,  3.074645996E-3,  3.08694458
 52.8533936,  34.6534424,  18.2102661,  1.031494141E-2,  10.3562012
 52.9759521,  34.7453613,  18.242281,  1.168823242E-2,  11.7349854
 53.0678711,  34.8372803,  18.2352962,  4.707336426E-3,  4.72616577
 53.1904297,  34.9291992,  18.2684746,  7.244110107E-3,  7.27308655
 53.2823486,  35.0211182,  18.2585793,  2.6512146E-3,  2.66181946
 53.4355469,  35.1130371,  18.3103848,  1.212310791E-2,  12.1716003
 53.5274658,  35.2355957,  18.2806988,  1.116943359E-2,  11.2141113
 53.6500244,  35.3275146,  18.3325024,  9.994506836E-3,  10.0344849
 53.7419434,  35.4194336,  18.3191147,  3.395080566E-3,  3.40866089
 53.8951416,  35.5113525,  18.3720837,  1.170349121E-2,  11.7503052
 53.9870605,  35.6339111,  18.3418159,  1.133346558E-2,  11.3787994
 54.1096191,  35.7258301,  18.3907108,  6.91986084E-3,  6.94754028
 54.2321777,  35.8483887,  18.3976955,  1.390838623E-2,  13.9640198
 54.385376,  35.9403076,  18.4460087,  9.384155273E-4,  0.942169189
 54.4772949,  36.0628662,  18.4157391,  1.312255859E-3,  1.31750488
 54.5998535,  36.1241455,  18.4640522,  1.165771484E-2,  11.7043457
 54.7224121,  36.2773438,  18.4489174,  3.849029541E-3,  3.86442566
 54.8449707,  36.338623,  18.4972305,  9.117126465E-3,  9.15359497
 54.9675293,  36.4918213,  18.4820957,  6.385803223E-3,  6.41134644
 55.0594482,  36.5531006,  18.5077076,  1.358032227E-3,  1.36346436
 55.2126465,  36.6756592,  18.5350647,  1.922607422E-3,  1.93029785
 55.3352051,  36.7982178,  18.5379753,  9.880065918E-4,  0.991958618
 55.4884033,  36.9207764,  18.5827961,  1.516723633E-2,  15.2279053
 55.6109619,  37.0126953,  18.5874519,  1.081466675E-2,  10.8579254
 55.7028809,  37.1352539,  18.5711536,  3.524780273E-3,  3.53887939
 55.8560791,  37.2271729,  18.6351833,  6.278991699E-3,  6.30410767
 56.0092773,  37.3803711,  18.6369286,  8.02230835E-3,  8.05439758
 56.1011963,  37.47229,  18.6398392,  1.093292236E-2,  10.9766541
 56.2543945,  37.564209,  18.6823311,  7.85446167E-3,  7.88587952
 56.4075928,  37.7174072,  18.6834946,  6.690979004E-3,  6.71774292
 56.5301514,  37.8399658,  18.7050323,  1.484680176E-2,  14.906189
 56.6833496,  37.9318848,  18.7446136,  6.851196289E-3,  6.87860107
 56.8059082,  38.085083,  18.7265682,  5.744934082E-3,  5.76791382
 56.9591064,  38.177002,  18.7830296,  9.231567383E-4,  0.926849365
 57.1123047,  38.3302002,  18.7841949,  2.090454102E-3,  2.09881592
 57.2348633,  38.4221191,  18.8022385,  1.050567627E-2,  10.547699
 57.3880615,  38.5753174,  18.8220291,  9.284973145E-3,  9.32211304
 57.5106201,  38.6672363,  18.8371639,  6.217956543E-3,  6.24282837
 57.6638184,  38.8204346,  18.8569546,  1.357269287E-2,  13.6269836
 57.786377,  38.9123535,  18.8732529,  7.705688477E-4,  0.773651123
 57.9702148,  39.0655518,  18.9087582,  4.096984863E-3,  4.1133728
 58.0927734,  39.1881104,  18.9046841,  2.288818359E-5,  2.297973633E-2
 58.2459717,  39.3106689,  18.940773,  5.470275879E-3,  5.49215698
 58.3685303,  39.4332275,  18.9349518,  3.509521484E-4,  0.352355957
 58.5523682,  39.5557861,  18.9902496,  6.332397461E-3,  6.35772705
 58.6749268,  39.7089844,  18.964056,  1.884460449E-3,  1.89199829
 58.828125,  39.8009033,  19.0158615,  1.136016846E-2,  11.4056091
 58.9813232,  39.9847412,  19.010622,  1.403808594E-2,  14.0942383
 59.1345215,  40.0766602,  19.0600986,  2.235412598E-3,  2.24435425
 59.3183594,  40.2298584,  19.0734863,  1.501464844E-2,  15.074707
 59.4715576,  40.3830566,  19.0833817,  5.11932373E-3,  5.13980103
 59.5941162,  40.5056152,  19.0956059,  7.102966309E-3,  7.13137817
 59.7779541,  40.6281738,  19.1427536,  7.026672363E-3,  7.05477905
 59.9005127,  40.7813721,  19.1188889,  2.517700195E-4,  0.2527771
 60.0843506,  40.9039307,  19.1829166,  2.494812012E-3,  2.50479126
 60.2375488,  41.0571289,  19.1718578,  8.560180664E-3,  8.59442139
 60.3907471,  41.1796875,  19.2009602,  1.010131836E-2,  10.1417236
 60.6052246,  41.3635254,  19.2440357,  2.334594727E-3,  2.34393311
 60.7277832,  41.486084,  19.2341404,  7.56072998E-3,  7.5909729
 60.8809814,  41.6086426,  19.2591686,  1.316833496E-2,  13.2210083
 61.0648193,  41.7924805,  19.2836151,  1.127624512E-2,  11.3213501
 61.2486572,  41.9150391,  19.3237801,  9.838104248E-3,  9.87745667
 61.4324951,  42.098877,  19.3295994,  4.020690918E-3,  4.03677368
 61.616333,  42.2520752,  19.3662701,  2.014160156E-3,  2.0222168
 61.7695313,  42.4052734,  19.3720913,  7.835388184E-3,  7.86672974
 61.9533691,  42.5584717,  19.4081802,  1.328277588E-2,  13.335907
 62.1984863,  42.7423096,  19.4646416,  8.464813232E-3,  8.49867249
 62.3823242,  42.9261475,  19.4669704,  1.079559326E-2,  10.8387756
 62.5661621,  43.0793457,  19.5001488,  1.333236694E-2,  13.3856964
 62.7806396,  43.2325439,  19.5350723,  1.302337646E-2,  13.07547
 62.9644775,  43.4163818,  19.5339088,  1.418685913E-2,  14.2436066
 63.2095947,  43.6002197,  19.6008472,  8.529663086E-3,  8.56378174
 63.4240723,  43.8146973,  19.6159821,  6.607055664E-3,  6.63348389
 63.6385498,  43.9678955,  19.6625481,  8.106231689E-3,  8.13865662
 63.8530273,  44.182373,  19.6765175,  5.863189697E-3,  5.88664246
 64.0981445,  44.3662109,  19.7411289,  9.19342041E-3,  9.23019409
 64.3126221,  44.5500488,  19.7510242,  1.155090332E-2,  11.5971069
 64.5270996,  44.7645264,  19.7777996,  1.522827148E-2,  15.2891846
 64.8028564,  44.9483643,  19.8540516,  4.425048828E-4,  0.444274902
 65.017334,  45.1628418,  19.8470669,  7.423400879E-3,  7.45309448
 65.2624512,  45.3466797,  19.9046917,  1.107788086E-2,  11.1221924
 65.538208,  45.5917969,  19.9448547,  1.556396484E-3,  1.56262207
 65.7833252,  45.8062744,  19.9838543,  6.805419922E-3,  6.8326416
 65.9978027,  45.9901123,  20.0071373,  5.493164062E-4,  0.551513672
 66.3041992,  46.2352295,  20.0769863,  8.018493652E-3,  8.05056763
 66.5186768,  46.449707,  20.0793152,  1.034545898E-2,  10.3868408
 66.8250732,  46.6641846,  20.1642971,  3.410339355E-3,  3.42398071
 67.0701904,  46.9093018,  20.1654625,  4.577636719E-3,  4.59594727
 67.3459473,  47.1237793,  20.2329826,  1.081848145E-2,  10.8617554
 67.6217041,  47.3688965,  20.2649975,  1.219177246E-2,  12.2405396
 67.8974609,  47.583374,  20.3104,  3.684997559E-3,  3.69973755
 68.2038574,  47.8591309,  20.359293,  1.456451416E-2,  14.6227722
 68.5102539,  48.104248,  20.4186649,  1.265716553E-2,  12.7077942
 68.7860107,  48.3493652,  20.4471874,  1.054382324E-2,  10.5859985
 69.0924072,  48.5944824,  20.5065594,  8.636474609E-3,  8.67102051
 69.3375244,  48.80896,  20.5147076,  1.385498047E-2,  13.9104004
 69.6745605,  49.0847168,  20.5892143,  6.256103516E-4,  0.628112793
 70.0115967,  49.3604736,  20.6439285,  7.194519043E-3,  7.22329712
 70.3179932,  49.6362305,  20.6823463,  5.798339844E-4,  0.58215332
 70.6243896,  49.8813477,  20.7335682,  9.475708008E-3,  9.51361084
 70.9614258,  50.1877441,  20.7877026,  1.402282715E-2,  14.0789185
 71.2678223,  50.4328613,  20.8371792,  2.220153809E-3,  2.22903442
 71.6048584,  50.7086182,  20.8866558,  9.582519531E-3,  9.62084961
 71.9418945,  51.0150146,  20.9343853,  7.507324219E-3,  7.53735352
 72.2789307,  51.2907715,  20.9955025,  7.339477539E-3,  7.36883545
 72.5853271,  51.5665283,  21.0257721,  6.973266602E-3,  7.00115967
 72.9530029,  51.8422852,  21.1008587,  9.857177734E-3,  9.89660645
 73.3206787,  52.1793213,  21.1433506,  1.991271973E-3,  1.99923706
 73.6577148,  52.4550781,  21.2009754,  1.663208008E-3,  1.66986084
 74.0253906,  52.7614746,  21.2562733,  7.64465332E-3,  7.67523193
 74.3930664,  53.0985107,  21.309824,  1.526641846E-2,  15.3274841
 74.6994629,  53.3436279,  21.3470783,  8.758544922E-3,  8.7935791
 75.128418,  53.7113037,  21.430315,  1.319885254E-2,  13.2516479
 75.4654541,  53.9870605,  21.4634933,  1.490020752E-2,  14.9598083
 75.8637695,  54.3240967,  21.5275211,  1.215362549E-2,  12.20224
 76.2314453,  54.6611328,  21.5740871,  3.776550293E-3,  3.79165649
 76.5991211,  54.9675293,  21.6340408,  2.449035645E-3,  2.45883179
 76.9974365,  55.3045654,  21.692831,  3.814697266E-5,  3.829956055E-2
 77.395752,  55.6416016,  21.7504559,  3.692626953E-3,  3.70739746
 77.7940674,  55.9786377,  21.8075008,  7.926940918E-3,  7.95864868
 78.1923828,  56.3463135,  21.8610516,  1.498413086E-2,  15.0440674
 78.5906982,  56.6680298,  21.9285717,  5.905151367E-3,  5.92877197
 78.9890137,  57.0203857,  21.9710636,  2.433776855E-3,  2.44351196
 79.4026489,  57.3727417,  22.0368385,  6.927490234E-3,  6.9552002
 79.8162842,  57.7250977,  22.0903893,  7.934570312E-4,  0.796630859
 80.2758789,  58.1080933,  22.1666412,  1.14440918E-3,  1.14898682
 80.6895142,  58.475769,  22.2132072,  5.340576172E-4,  0.536193848
 81.1031494,  58.828125,  22.2679234,  7.102966309E-3,  7.13137817
 81.5474243,  59.2111206,  22.3325329,  3.768920898E-3,  3.78399658
 81.9610596,  59.5787964,  22.3779354,  4.325866699E-3,  4.34317017
 82.4359741,  59.9771118,  22.4605904,  1.724243164E-3,  1.73114014
 82.8342896,  60.3447876,  22.4896946,  1.907348633E-4,  0.191497803
 83.2938843,  60.7277832,  22.5671101,  1.007080078E-3,  1.0111084
 83.7228394,  61.1107788,  22.6087284,  3.33404541E-3,  3.34738159
 84.2130737,  61.5244141,  22.6875992,  1.06048584E-3,  1.06472778
 84.6573486,  61.9227295,  22.7332935,  1.327514648E-3,  1.33282471
 85.1016235,  62.3057251,  22.7903366,  5.561828613E-3,  5.58407593
 85.5765381,  62.7193604,  22.8511639,  6.011962891E-3,  6.03601074
 86.0054932,  63.1176758,  22.8901634,  2.349853516E-3,  2.35925293
 86.4804077,  63.5159912,  22.9620495,  2.365112305E-3,  2.37457275
 86.9553223,  63.9449463,  23.0123997,  2.021789551E-3,  2.02987671
 87.4302368,  64.3585815,  23.0729351,  1.281738281E-3,  1.28686523
 87.9051514,  64.7722168,  23.126194,  6.744384766E-3,  6.7713623
 88.3341064,  65.1705322,  23.1564636,  7.110595703E-3,  7.13903809
 88.8549805,  65.6148071,  23.2385349,  1.640319824E-3,  1.6468811
 89.329895,  66.0437622,  23.2792816,  6.851196289E-3,  6.87860107
 89.8201294,  66.4880371,  23.33778,  5.69152832E-3,  5.71429443
 90.3103638,  66.9169922,  23.3954048,  2.029418945E-3,  2.03753662
 90.8005981,  67.3612671,  23.4422626,  2.9296875E-3,  2.94140625
 91.2908325,  67.7902222,  23.4952316,  5.378723145E-3,  5.40023804
 91.7657471,  68.2344971,  23.5327759,  1.525878906E-3,  1.53198242
 92.3019409,  68.6940918,  23.6084461,  5.950927734E-4,  0.597473145
 92.7615356,  69.1383667,  23.6294003,  6.233215332E-3,  6.25814819
 93.2977295,  69.5979614,  23.7056522,  5.882263184E-3,  5.90579224
 93.7879639,  70.0575562,  23.73592,  5.508422852E-3,  5.53045654
 94.3241577,  70.5171509,  23.8025684,  4.440307617E-3,  4.45806885
 94.7990723,  70.9767456,  23.8220673,  2.593994141E-4,  0.260437012
 95.3352661,  71.4516602,  23.8910427,  7.438659668E-3,  7.46841431
 95.8101807,  71.8959351,  23.9119987,  2.243041992E-3,  2.25201416
 96.3616943,  72.3861694,  23.9774818,  1.953125E-3,  1.9609375
 96.8978882,  72.8764038,  24.0196819,  1.800537109E-3,  1.80773926
 97.4034424,  73.3513184,  24.055481,  3.356933594E-3,  3.37036133
 97.9549561,  73.8415527,  24.1119423,  1.46484375E-3,  1.47070313
 98.4605103,  74.3164673,  24.1369705,  7.07244873E-3,  7.10073853
 98.9967041,  74.8067017,  24.1838284,  6.172180176E-3,  6.1968689
 99.5788574,  75.3428955,  24.2405796,  4.615783691E-3,  4.63424683
 100.084412,  75.8178101,  24.265028,  1.571655273E-3,  1.57794189
 100.666565,  76.3386841,  24.3226528,  5.226135254E-3,  5.24703979
 101.172119,  76.8289185,  24.3380775,  5.126953125E-3,  5.14746094
 101.723633,  77.3344727,  24.3840618,  5.096435547E-3,  5.11682129
 102.275146,  77.8553467,  24.419569,  2.288818359E-4,  0.229797363
 102.8573,  78.3915405,  24.4667168,  9.613037109E-4,  0.965148926
 103.393494,  78.8970947,  24.489418,  6.980895996E-3,  7.00881958
 103.945007,  79.4179688,  24.5225964,  4.440307617E-3,  4.45806885
 104.527161,  79.9694824,  24.5647964,  7.118225098E-3,  7.146698
 105.093994,  80.4903564,  24.5982666,  5.37109375E-3,  5.39257813
 105.660828,  81.0418701,  24.6230049,  4.043579102E-3,  4.05975342
 106.242981,  81.578064,  24.663168,  1.747131348E-3,  1.75411987
 106.825134,  82.1295776,  24.6896534,  5.905151367E-3,  5.92877197
 107.376648,  82.6657715,  24.7082787,  2.593994141E-3,  2.60437012
 107.974121,  83.232605,  24.7464046,  4.890441895E-3,  4.91000366
 108.510315,  83.753479,  24.7563,  5.340576172E-4,  0.536193848
 109.107788,  84.3203125,  24.7891884,  1.708984375E-3,  1.71582031
 109.643982,  84.8411865,  24.7955914,  7.202148437E-3,  7.23095703
 110.195496,  85.3927002,  24.809269,  6.469726562E-3,  6.49560547
 110.762329,  85.928894,  24.832262,  1.174926758E-3,  1.17962646
 111.283203,  86.4497681,  24.8267307,  6.706237793E-3,  6.73306274
 111.850037,  87.0012817,  24.847105,  1.647949219E-3,  1.65454102
 112.38623,  87.5374756,  24.8468132,  1.937866211E-3,  1.94561768
 112.891785,  88.0430298,  24.8424473,  6.309509277E-3,  6.33474731
 113.382019,  88.548584,  24.8310966,  2.334594727E-3,  2.34393311
 113.933533,  89.1000977,  24.8412838,  7.850646973E-3,  7.88204956
 114.393127,  89.5750122,  24.8165455,  1.571655273E-3,  1.57794189
 114.898682,  90.0958862,  24.809269,  6.469726562E-3,  6.49560547
 115.388916,  90.5861206,  24.7958813,  6.912231445E-3,  6.93988037
 115.89447,  91.1223145,  24.7801647,  8.010864258E-3,  8.04290771
 116.338745,  91.5819092,  24.7542629,  2.571105957E-3,  2.58139038
 116.78302,  92.0568237,  24.7196293,  6.568908691E-3,  6.59518433
 117.273254,  92.5623779,  24.705368,  5.508422852E-3,  5.53045654
 117.717529,  93.0526123,  24.6681156,  3.196716309E-3,  3.20950317
 118.131165,  93.4968872,  24.6326084,  1.670837402E-3,  1.67752075
 118.590759,  93.9871216,  24.6008854,  2.754211426E-3,  2.76522827
 119.004395,  94.4467163,  24.5575218,  1.525878906E-4,  0.153198242
 119.43335,  94.906311,  24.5214329,  5.60760498E-3,  5.6300354
 119.877625,  95.3965454,  24.4827251,  1.647949219E-3,  1.65454102
 120.27594,  95.8408203,  24.4341202,  9.994506836E-4,  1.00344849
 120.658936,  96.2850952,  24.3788242,  4.981994629E-3,  5.00192261
 121.041931,  96.7140503,  24.328474,  5.950927734E-4,  0.597473145
 121.424927,  97.1583252,  24.271431,  4.829406738E-3,  4.84872437
 121.807922,  97.5872803,  24.218462,  2.182006836E-3,  2.19073486
 122.160278,  98.0162354,  24.1503582,  6.317138672E-3,  6.34240723
 122.527954,  98.4298706,  24.0950603,  3.021240234E-3,  3.0333252
 122.86499,  98.8435059,  24.0208473,  6.408691406E-4,  0.643432617
 123.217346,  99.2571411,  23.9588547,  1.350402832E-3,  1.35580444
 123.569702,  99.6707764,  23.8922081,  6.713867187E-3,  6.74072266
 123.830139,  100.038452,  23.7958736,  4.188537598E-3,  4.20529175
 124.228455,  100.467407,  23.7542553,  6.790161133E-3,  6.81732178
 124.473572,  100.835083,  23.6462803,  7.789611816E-3,  7.82077026
 124.810608,  101.218079,  23.5889454,  3.58581543E-3,  3.60015869
 125.101685,  101.601074,  23.4946499,  5.958557129E-3,  5.98239136
 125.392761,  101.98407,  23.4154873,  6.797790527E-3,  6.82498169
 125.653198,  102.321106,  23.3270111,  5.081176758E-3,  5.10150146
 125.959595,  102.719421,  23.244648,  4.470825195E-3,  4.4887085
 126.158752,  103.025818,  23.136673,  3.73840332E-3,  3.75335693
 126.480469,  103.408813,  23.0656586,  5.996704102E-3,  6.02069092
 126.771545,  103.791809,  22.9725266,  7.209777832E-3,  7.23861694
 127.031982,  104.159485,  22.8793945,  6.896972656E-3,  6.92456055
 127.292419,  104.511841,  22.7882996,  7.720947266E-3,  7.75183105
 127.598816,  104.894836,  22.7053528,  1.373291016E-3,  1.37878418
 127.874573,  105.262512,  22.6084385,  3.623962402E-3,  3.63845825
 128.15033,  105.630188,  22.51647,  3.677368164E-3,  3.69207764
 128.426086,  105.997864,  22.4215908,  6.637573242E-3,  6.66412354
 128.732483,  106.396179,  22.3351517,  1.159667969E-3,  1.16430664
 129.038879,  106.794495,  22.2469673,  2.578735352E-3,  2.58905029
 129.268677,  107.131531,  22.1387024,  1.556396484E-3,  1.56262207
 129.621033,  107.560486,  22.0636139,  3.067016602E-3,  3.07928467
 129.89679,  107.943481,  21.9613132,  8.010864258E-3,  8.04290771
 130.203186,  108.326477,  21.8742943,  2.410888672E-3,  2.42053223
 130.494263,  108.724792,  21.7738857,  4.409790039E-3,  4.4274292
 130.785339,  109.107788,  21.6810436,  3.494262695E-3,  3.50823975
 131.107056,  109.521423,  21.5893669,  3.73840332E-3,  3.75335693
 131.382813,  109.889099,  21.4880848,  5.630493164E-3,  5.65301514
 131.704529,  110.302734,  21.3953896,  6.408691406E-3,  6.43432617
 131.980286,  110.68573,  21.2909069,  3.646850586E-3,  3.66143799
 132.317322,  111.114685,  21.2043228,  1.678466797E-3,  1.68518066
 132.623718,  111.513,  21.1058064,  4.913330078E-3,  4.9329834
 132.914795,  111.911316,  21.0033607,  1.220703125E-4,  0.122558594
 133.236511,  112.324951,  20.9105206,  1.037597656E-3,  1.04174805
 133.558228,  112.753906,  20.8111305,  6.805419922E-3,  6.8326416
 133.849304,  113.136902,  20.7124691,  6.103515625E-5,  6.127929687E-2
 134.171021,  113.565857,  20.6120605,  6.896972656E-3,  6.92456055
 134.477417,  113.964172,  20.5119438,  1.29699707E-3,  1.30218506
 134.799133,  114.393127,  20.4116802,  5.676269531E-3,  5.69897461
 135.09021,  114.791443,  20.3066158,  7.843017578E-3,  7.87438965
 135.442566,  115.220398,  20.2150841,  7.080078125E-3,  7.10839844
 135.733643,  115.634033,  20.1028881,  3.280639648E-3,  3.29376221
 136.070679,  116.062988,  20.0091743,  1.480102539E-3,  1.48602295
 136.392395,  116.491943,  19.9045467,  4.089355469E-3,  4.10571289
 136.714111,  116.905579,  19.8019543,  6.576538086E-3,  6.60284424
 137.051147,  117.349854,  19.7005291,  7.629394531E-4,  0.765991211
 137.326904,  117.732849,  19.5880413,  6.011962891E-3,  6.03601074
 137.7099,  118.207764,  19.4965096,  5.630493164E-3,  5.65301514
 137.970337,  118.590759,  19.3773308,  2.243041992E-3,  2.25201416
 138.307373,  119.035034,  19.2789593,  6.622314453E-3,  6.64880371
 138.59845,  119.43335,  19.1686554,  3.555297852E-3,  3.56951904
 138.935486,  119.877625,  19.0650463,  7.186889648E-3,  7.21563721
 139.180603,  120.22998,  18.9451389,  5.477905273E-3,  5.49981689
 139.45636,  120.628296,  18.8298874,  1.831054687E-3,  1.83837891
 139.747437,  121.026611,  18.7204571,  3.662109375E-4,  0.367675781
 140.053833,  121.440247,  18.6110268,  2.563476562E-3,  2.57373047
 140.32959,  121.838562,  18.4950485,  4.028320312E-3,  4.04443359
 140.605347,  122.221558,  18.3822708,  1.525878906E-3,  1.53198242
 140.850464,  122.589233,  18.2604713,  7.629394531E-4,  0.765991211
 141.141541,  122.987549,  18.1498756,  4.119873047E-3,  4.13635254
 141.386658,  123.355225,  18.0280762,  3.356933594E-3,  3.37036133
 141.631775,  123.7229,  17.9097691,  9.002685547E-4,  0.903869629
 141.892212,  124.105896,  17.7920456,  5.737304687E-3,  5.76025391
 142.122009,  124.458252,  17.670536,  6.774902344E-3,  6.80200195
 142.382446,  124.825928,  17.5538292,  2.685546875E-3,  2.69628906
 142.596924,  125.178284,  17.4263554,  7.720947266E-3,  7.75183105
 142.857361,  125.545959,  17.3129959,  1.586914062E-3,  1.59326172
 143.071838,  125.882996,  17.1862488,  2.593994141E-3,  2.60437012
 143.270996,  126.204712,  17.0589199,  7.369995117E-3,  7.3994751
 143.516113,  126.572388,  16.9400291,  3.692626953E-3,  3.70739746
 143.699951,  126.894104,  16.8115368,  5.69152832E-3,  5.71429443
 143.929749,  127.23114,  16.6927929,  5.813598633E-3,  5.83685303
 144.098267,  127.537537,  16.5602245,  5.035400391E-4,  0.505554199
 144.312744,  127.874573,  16.4382801,  1.068115234E-4,  0.10723877
 144.542542,  128.226929,  16.3185177,  2.899169922E-3,  2.9107666
 144.6651,  128.487366,  16.1821671,  4.425048828E-3,  4.44274902
 144.894897,  128.824402,  16.0631313,  7.369995117E-3,  7.3994751
 145.063416,  129.130798,  15.9328918,  2.746582031E-4,  0.275756836
 145.216614,  129.406555,  15.8039618,  6.103515625E-3,  6.12792969
 145.369812,  129.697632,  15.674159,  1.983642578E-3,  1.99157715
 145.52301,  129.973389,  15.5458107,  3.814697266E-3,  3.82995605
 145.722168,  130.295105,  15.4231386,  3.921508789E-3,  3.93719482
 145.860046,  130.570862,  15.2921715,  2.990722656E-3,  3.00268555
 146.028564,  130.861938,  15.166297,  3.356933594E-4,  0.337036133
 146.212402,  131.168335,  15.0427513,  1.312255859E-3,  1.31750488
 146.365601,  131.459412,  14.9138212,  7.629394531E-3,  7.65991211
 146.580078,  131.781128,  14.7959509,  3.005981445E-3,  3.01800537
 146.733276,  132.072205,  14.6672392,  6.164550781E-3,  6.18920898
 146.932434,  132.378601,  14.5475492,  6.286621094E-3,  6.31176758
 147.100952,  132.684998,  14.4201479,  4.196166992E-3,  4.21295166
 147.30011,  133.006714,  14.3011856,  7.781982422E-3,  7.81311035
 147.499268,  133.31311,  14.1810598,  5.096435547E-3,  5.11682129
 147.667786,  133.619507,  14.0546761,  6.393432617E-3,  6.41900635
 147.882263,  133.941223,  13.9386244,  2.410888672E-3,  2.42053223
 148.081421,  134.262939,  13.8173342,  1.14440918E-3,  1.14898682
 148.280579,  134.584656,  13.6978636,  1.937866211E-3,  1.94561768
 148.464417,  134.891052,  13.5767918,  3.433227539E-3,  3.44696045
 148.663574,  135.212769,  13.4581203,  7.308959961E-3,  7.3381958
 148.878052,  135.534485,  13.3414869,  2.075195312E-3,  2.08349609
 149.107849,  135.886841,  13.2253628,  4.348754883E-3,  4.3661499
 149.261047,  136.162598,  13.1018896,  3.433227539E-3,  3.44696045
 149.506165,  136.514954,  12.9898396,  1.373291016E-3,  1.37878418
 149.705322,  136.83667,  12.8712416,  2.593994141E-3,  2.60437012
 149.950439,  137.189026,  12.7589006,  2.517700195E-3,  2.527771
 150.134277,  137.495422,  12.6399393,  1.083374023E-3,  1.08770752
 150.364075,  137.832458,  12.5269432,  4.669189453E-3,  4.68786621
 150.593872,  138.184814,  12.4123468,  3.295898437E-3,  3.30908203
 150.79303,  138.491211,  12.2978239,  3.997802734E-3,  4.01379395
 151.053467,  138.858887,  12.1872292,  7.354736328E-3,  7.38415527
 151.267944,  139.195923,  12.0723419,  3.204345703E-4,  0.321716309
 151.513062,  139.548279,  11.9630566,  1.724243164E-3,  1.73114014
 151.727539,  139.885315,  11.848897,  6.66809082E-3,  6.69476318
 151.957336,  140.222351,  11.7388849,  3.90625E-3,  3.921875
 152.217773,  140.590027,  11.6305456,  2.792358398E-3,  2.80352783
 152.447571,  140.927063,  11.5189323,  1.571655273E-3,  1.57794189
 152.677368,  141.264099,  11.4082651,  5.004882812E-3,  5.02490234
 152.891846,  141.601135,  11.2962151,  5.508422852E-3,  5.53045654
 153.136963,  141.953491,  11.1896229,  6.149291992E-3,  6.17388916
 153.36676,  142.290527,  11.0799742,  3.73840332E-3,  3.75335693
 153.627197,  142.658203,  10.9737444,  4.745483398E-3,  4.76446533
 153.841675,  142.979919,  10.8640957,  2.334594727E-3,  2.34393311
 154.086792,  143.332275,  10.7573576,  2.838134766E-3,  2.8494873
 154.316589,  143.669312,  10.6494551,  2.182006836E-3,  2.19073486
 154.561707,  144.021667,  10.5437355,  3.692626953E-3,  3.70739746
 154.806824,  144.374023,  10.4387436,  5.950927734E-3,  5.97473145
 155.005981,  144.68042,  10.3297501,  4.180908203E-3,  4.19763184
 155.266418,  145.032776,  10.2269402,  6.698608398E-3,  6.72540283
 155.450256,  145.339172,  10.1165638,  5.477905273E-3,  5.49981689
 155.726013,  145.706848,  10.0170288,  2.136230469E-3,  2.14477539
 155.940491,  146.028564,  9.91029072,  1.63269043E-3,  1.63922119
 156.170288,  146.365601,  9.80733585,  2.655029297E-3,  2.66564941
 156.400085,  146.702637,  9.70401764,  6.561279297E-3,  6.58752441
 156.614563,  147.009033,  9.60018921,  5.340576172E-3,  5.36193848
 156.84436,  147.346069,  9.49767113,  6.256103516E-4,  0.628112793
 157.089478,  147.698425,  9.39726353,  6.210327148E-3,  6.23516846
 157.273315,  147.974182,  9.29307175,  6.057739258E-3,  6.08197021
 157.518433,  148.326538,  9.1928091,  9.155273437E-4,  0.919189453
 157.74823,  148.648254,  9.09356499,  6.408691406E-3,  6.43432617
 157.993347,  149.00061,  8.9945755,  1.831054687E-3,  1.83837891
 158.177185,  149.291687,  8.89274788,  7.247924805E-3,  7.2769165
 158.391663,  149.598083,  8.79397678,  3.967285156E-4,  0.39831543
 158.6521,  149.950439,  8.69775295,  3.90625E-3,  3.921875
 158.851257,  150.256836,  8.59854507,  4.119873047E-3,  4.13635254
 159.081055,  150.578552,  8.50235653,  1.525878906E-4,  0.153198242
 159.295532,  150.884949,  8.40453148,  6.057739258E-3,  6.08197021
 159.52533,  151.221985,  8.30947113,  6.134033203E-3,  6.15856934
 159.709167,  151.497742,  8.21179104,  3.662109375E-4,  0.367675781
 159.923645,  151.804138,  8.1168766,  2.624511719E-3,  2.63500977
 160.107483,  152.079895,  8.02036095,  7.232666016E-3,  7.26159668
 160.291321,  152.370972,  7.92490005,  4.547119141E-3,  4.56530762
 160.475159,  152.646729,  7.83140421,  2.975463867E-3,  2.98736572
 160.674316,  152.937805,  7.73739862,  8.850097656E-4,  0.888549805
 160.827515,  153.182922,  7.64295673,  1.63269043E-3,  1.63922119
 160.980713,  153.42804,  7.54840565,  4.272460937E-3,  4.28955078
 161.103271,  153.642517,  7.45345449,  7.293701172E-3,  7.32287598
 161.287109,  153.918274,  7.36246872,  6.362915039E-3,  6.3883667
 161.424988,  154.148071,  7.2699914,  6.927490234E-3,  6.9552002
 161.532227,  154.362549,  7.17649508,  6.820678711E-3,  6.84796143
 161.670105,  154.577026,  7.08703756,  6.042480469E-3,  6.06665039
 161.792664,  154.791504,  6.99514198,  6.011962891E-3,  6.03601074
 161.869263,  154.960022,  6.90302849,  6.210327148E-3,  6.23516846
 161.991821,  155.1745,  6.81404352,  3.280639648E-3,  3.29376221
 162.09906,  155.373657,  6.72538567,  1.525878906E-5,  1.531982422E-2
 162.206299,  155.572815,  6.6373105,  3.829956055E-3,  3.84527588
 162.267578,  155.726013,  6.54839802,  6.8359375E-3,  6.86328125
 162.344177,  155.879211,  6.46068668,  4.272460937E-3,  4.28955078
 162.405457,  156.03241,  6.37312031,  7.629394531E-5,  7.659912109E-2
 162.466736,  156.185608,  6.28639078,  5.264282227E-3,  5.28533936
 162.528015,  156.323486,  6.20140791,  3.128051758E-3,  3.14056396
 162.558655,  156.446045,  6.11456919,  1.953125E-3,  1.9609375
 162.604614,  156.568604,  6.03089571,  5.111694336E-3,  5.13214111
 162.619934,  156.675842,  5.94583988,  1.754760742E-3,  1.76177979
 162.665894,  156.798401,  5.863585,  3.90625E-3,  3.921875
 162.665894,  156.89032,  5.77991152,  4.333496094E-3,  4.35083008
 162.665894,  156.966919,  5.69776583,  1.205444336E-3,  1.21026611
 162.665894,  157.043518,  5.61623907,  6.134033203E-3,  6.15856934
 162.696533,  157.166077,  5.5368948,  6.439208984E-3,  6.46496582
 162.589294,  157.135437,  5.45354843,  3.051757812E-4,  0.306396484
 162.558655,  157.181396,  5.37431335,  2.944946289E-3,  2.95672607
 162.466736,  157.166077,  5.29318619,  7.476806641E-3,  7.50671387
 162.359497,  157.150757,  5.21318722,  4.440307617E-3,  4.45806885
 162.267578,  157.135437,  5.1352253,  3.082275391E-3,  3.09460449
 162.09906,  157.043518,  5.05497169,  5.645751953E-4,  0.566833496
 161.915222,  156.936279,  4.97571802,  3.219604492E-3,  3.23248291
 161.807983,  156.90564,  4.90021181,  2.136230469E-3,  2.14477539
 161.578186,  156.752441,  4.82144976,  4.287719727E-3,  4.30487061
 161.379028,  156.629883,  4.74505234,  4.089355469E-3,  4.10571289
 161.133911,  156.461365,  4.66858196,  3.967285156E-3,  3.9831543
 160.873474,  156.277527,  4.59258461,  3.356933594E-3,  3.37036133
 160.613037,  156.093689,  4.51800585,  1.342773437E-3,  1.34814453
 160.32196,  155.879211,  4.44360924,  8.544921875E-4,  0.857910156
 160.015564,  155.649414,  4.37003088,  3.875732422E-3,  3.89123535
 159.709167,  155.404297,  4.29768991,  7.186889648E-3,  7.21563721
 159.310852,  155.082581,  4.22320223,  5.065917969E-3,  5.08618164
 158.989136,  154.837463,  4.15324402,  1.571655273E-3,  1.57794189
 158.560181,  154.485107,  4.0809207,  5.844116211E-3,  5.86749268
 158.192505,  154.178711,  4.01178122,  2.014160156E-3,  2.0222168
 157.73291,  153.795715,  3.94073129,  3.540039062E-3,  3.55419922
 157.288635,  153.41272,  3.87206459,  3.845214844E-3,  3.8605957
 156.84436,  153.045044,  3.80441642,  5.096435547E-3,  5.11682129
 156.338806,  152.600769,  3.73638606,  1.647949219E-3,  1.65454102
 155.848572,  152.171814,  3.66977477,  6.988525391E-3,  7.01647949
 155.327698,  151.727539,  3.6038363,  3.677368164E-3,  3.69207764
 154.776184,  151.237305,  3.5384438,  4.425048828E-4,  0.444274902
 154.22467,  150.74707,  3.47423339,  3.372192383E-3,  3.38568115
 153.642517,  150.226196,  3.41027761,  6.042480469E-3,  6.06665039
 153.060364,  149.705322,  3.34783173,  7.202148437E-3,  7.23095703
 152.447571,  149.169128,  3.28571343,  7.278442383E-3,  7.30755615
 151.850098,  148.617615,  3.22548652,  7.00378418E-3,  7.03179932
 151.221985,  148.050781,  3.16524172,  5.966186523E-3,  5.99005127
 150.563232,  147.453308,  3.10572433,  4.196166992E-3,  4.21295166
 149.965759,  146.917114,  3.04864454,  2*0.
 149.291687,  146.304321,  2.99125528,  3.890991211E-3,  3.90655518
 148.586975,  145.645569,  2.93402982,  7.369995117E-3,  7.3994751
 147.912903,  145.032776,  2.87873268,  1.388549805E-3,  1.394104
 147.223511,  144.404663,  2.82412648,  5.279541016E-3,  5.30065918
 146.518799,  143.745911,  2.77070284,  2.182006836E-3,  2.19073486
 145.783447,  143.071838,  2.7171154,  5.508422852E-3,  5.53045654
 145.048096,  142.382446,  2.66514683,  5.035400391E-4,  0.505554199
 144.343384,  141.723694,  2.61450624,  5.187988281E-3,  5.20874023
 143.592712,  141.034302,  2.56392002,  5.508422852E-3,  5.53045654
 142.811401,  140.29895,  2.5142436,  1.78527832E-3,  1.79241943
 142.04541,  139.578918,  2.46556735,  9.307861328E-4,  0.934509277
 141.279419,  138.858887,  2.41782808,  2.700805664E-3,  2.71160889
 140.482788,  138.108215,  2.37054348,  4.028320312E-3,  4.04443359
 139.670837,  137.342224,  2.32413197,  4.486083984E-3,  4.50402832
 138.828247,  136.545593,  2.27792048,  4.730224609E-3,  4.74914551
 138.031616,  135.794922,  2.23366451,  3.036499023E-3,  3.04864502
 137.173706,  134.982971,  2.18928099,  1.449584961E-3,  1.4553833
 136.331116,  134.18634,  2.14592552,  1.14440918E-3,  1.14898682
 135.503845,  133.405029,  2.10407043,  5.249023437E-3,  5.27001953
 134.599976,  132.531799,  2.06162429,  6.546020508E-3,  6.57220459
 133.726746,  131.704529,  2.02039695,  1.815795898E-3,  1.82305908
 132.838196,  130.861938,  1.98002458,  3.768920898E-3,  3.78399658
 131.949646,  130.004028,  1.94055247,  5.065917969E-3,  5.08618164
 131.030457,  129.130798,  1.90122592,  1.571655273E-3,  1.57794189
 130.111267,  128.242249,  1.86293614,  6.088256836E-3,  6.11260986
 129.176758,  127.353699,  1.82505572,  1.998901367E-3,  2.00689697
 128.242249,  126.449829,  1.78826666,  4.150390625E-3,  4.16699219
 127.292419,  125.545959,  1.75169587,  5.233764648E-3,  5.25469971
 126.327271,  124.61145,  1.71612561,  3.051757812E-4,  0.306396484
 125.346802,  123.661621,  1.68063712,  4.547119141E-3,  4.56530762
 124.351013,  122.711792,  1.64584887,  6.629943848E-3,  6.65646362
 123.370544,  121.761963,  1.61236131,  3.776550293E-3,  3.79165649
 122.313477,  120.735535,  1.57829165,  3.509521484E-4,  0.352355957
 121.302368,  119.755066,  1.54548621,  1.815795898E-3,  1.82305908
 120.2453,  118.728638,  1.51283526,  3.829956055E-3,  3.84527588
 119.203552,  117.717529,  1.48115754,  4.867553711E-3,  4.88702393
 118.085205,  116.629822,  1.44917977,  6.202697754E-3,  6.22750854
 116.982178,  115.557434,  1.41797495,  6.767272949E-3,  6.79434204
 115.89447,  114.500366,  1.38791621,  6.187438965E-3,  6.21218872
 114.760803,  113.397339,  1.35773921,  5.722045898E-3,  5.74493408
 113.627136,  112.294312,  1.32831705,  4.508972168E-3,  4.52700806
 112.46283,  111.160645,  1.29916775,  3.01361084E-3,  3.02566528
 111.298523,  110.026978,  1.27070963,  8.392333984E-4,  0.842590332
 110.134216,  108.893311,  1.24288821,  1.983642578E-3,  1.99157715
 108.92395,  107.713684,  1.21503031,  4.760742187E-3,  4.77978516
 107.729004,  106.534058,  1.18806386,  6.881713867E-3,  6.90924072
 106.518738,  105.354431,  1.16128826,  3.021240234E-3,  3.0333252
 105.247192,  104.113525,  1.13463104,  9.613037109E-4,  0.965148926
 104.006287,  102.903259,  1.10897422,  5.94329834E-3,  5.96707153
 102.780701,  101.692993,  1.08397222,  3.73840332E-3,  3.75335693
 101.493835,  100.436768,  1.05868816,  1.617431641E-3,  1.62390137
 100.22229,  99.180542,  1.03433192,  7.415771484E-3,  7.44543457
 98.9354248,  97.9243164,  1.01011205,  9.994506836E-4,  1.00344849
 97.6026001,  96.6221313,  0.986174226,  5.706787109E-3,  5.72961426
 96.2850952,  95.3199463,  0.962818384,  2.326965332E-3,  2.33627319
 94.9522705,  94.0177612,  0.939744473,  5.233764648E-3,  5.25469971
 93.6194458,  92.7002563,  0.917352736,  1.838684082E-3,  1.84603882
 92.2713013,  91.3827515,  0.895024657,  6.477355957E-3,  6.50326538
 90.8925171,  90.0192871,  0.873114944,  1.14440918E-4,  0.114898682
 89.5290527,  88.6711426,  0.851641715,  6.271362305E-3,  6.29644775
 88.1196289,  87.2923584,  0.830114007,  2.84576416E-3,  2.85714722
 86.7255249,  85.9135742,  0.809486687,  2.464294434E-3,  2.47415161
 85.3007813,  84.5194702,  0.788650155,  7.339477539E-3,  7.36883545
 83.9066772,  83.140686,  0.768832266,  2.838134766E-3,  2.8494873
 82.4359741,  81.6853027,  0.748459578,  2.212524414E-3,  2.22137451
 81.0112305,  80.2758789,  0.729096413,  6.256103516E-3,  6.28112793
 79.5558472,  78.8511353,  0.70966965,  4.959106445E-3,  4.97894287
 78.0698242,  77.3804321,  0.690579355,  1.190185547E-3,  1.19494629
 76.5991211,  75.9250488,  0.671825528,  2.243041992E-3,  2.25201416
 75.1130981,  74.4543457,  0.653367341,  5.386352539E-3,  5.40789795
 73.642395,  73.0142822,  0.635359347,  7.247924805E-3,  7.2769165
 72.1410522,  71.5282593,  0.617619634,  4.829406738E-3,  4.84872437
 70.6090698,  70.0115967,  0.599707186,  2.235412598E-3,  2.24435425
 69.1077271,  68.5255737,  0.582481325,  3.280639648E-4,  0.329376221
 67.5910645,  67.024231,  0.565510154,  1.319885254E-3,  1.32516479
 66.059082,  65.5075684,  0.54860723,  2.906799316E-3,  2.91842651
 64.4811401,  63.9449463,  0.531636059,  4.554748535E-3,  4.57296753
 62.9644775,  62.4436035,  0.515519798,  5.355834961E-3,  5.3772583
 61.4018555,  60.8963013,  0.499353528,  6.198883057E-3,  6.22367859
 59.8085938,  59.3183594,  0.483055383,  7.179260254E-3,  7.20797729
 58.2306519,  57.7710571,  0.467239261,  7.64465332E-3,  7.67523193
 56.65271,  56.2084351,  0.451909721,  7.633209229E-3,  7.66374207
 55.0900879,  54.645813,  0.436725706,  7.549285889E-3,  7.57948303
 53.4815063,  53.0525513,  0.421300679,  7.656097412E-3,  7.6867218
 51.9035645,  51.4899292,  0.406489551,  7.144927979E-3,  7.17350769
 50.3256226,  49.9273071,  0.391923994,  6.38961792E-3,  6.41517639
 48.717041,  48.3340454,  0.377290249,  5.706787109E-3,  5.72961426
 47.0931396,  46.7254639,  0.362838358,  4.837036133E-3,  4.85638428
 45.5305176,  45.1781616,  0.348986745,  3.368377686E-3,  3.3818512
 43.9066162,  43.5695801,  0.334989637,  2.044677734E-3,  2.05285645
 42.267395,  41.9456787,  0.320806056,  9.117126465E-4,  0.915359497
 40.6741333,  40.3677368,  0.307363749,  9.689331055E-4,  0.972808838
 39.0655518,  38.7744751,  0.293907762,  2.830505371E-3,  2.84182739
 37.4110107,  37.1352539,  0.280260801,  4.505157471E-3,  4.5231781
 35.8330688,  35.5726318,  0.267368704,  6.931304932E-3,  6.95903015
 34.2091675,  33.9487305,  0.254344732,  6.092071533E-3,  6.11643982
 32.5852661,  32.3401489,  0.241225272,  3.890991211E-3,  3.90655518
 30.9613647,  30.7315674,  0.228428692,  1.369476318E-3,  1.37495422
 29.2915039,  29.0770264,  0.215318322,  8.411407471E-4,  0.84450531
 27.6982422,  27.4990845,  0.203094721,  3.936767578E-3,  3.95251465
 26.0743408,  25.8905029,  0.19058916,  6.75201416E-3,  6.77902222
 24.4197998,  24.2359619,  0.177988112,  5.849838257E-3,  5.87323761
 22.749939,  22.5814209,  0.165246099,  3.271102905E-3,  3.28418732
 21.1260376,  20.9728394,  0.153136164,  6.294250488E-5,  6.31942749E-2
 19.4868164,  19.348938,  0.140939847,  3.061294556E-3,  3.07353973
 17.8322754,  17.7097168,  0.12871623,  6.156921387E-3,  6.18154907
 16.1930542,  16.0704956,  0.116706356,  5.851745605E-3,  5.87515259
 14.5691528,  14.4619141,  0.104701027,  2.537727356E-3,  2.54787827
 12.9146118,  12.8226929,  9.267295897E-2,  7.543563843E-4,  0.75737381
 11.244751,  11.1681519,  8.061760664E-2,  4.018783569E-3,  4.0348587
 9.59020996,  9.52893066,  6.867594272E-2,  7.396697998E-3,  7.42628479
 7.93566895,  7.87438965,  5.674792081E-2,  4.531383514E-3,  4.54950905
 6.29644775,  6.25048828,  4.490175471E-2,  1.057624817E-3,  1.06185532
 4.67254639,  4.64190674,  3.335117176E-2,  2.711296082E-3,  2.72214127
 3.00268555,  2.98736572,  2.133219875E-2,  6.012439728E-3,  6.03648949
 1.34814453,  1.33282471,  9.576979093E-3,  5.742788315E-3,  5.76575947
 10.2030029,  9.94256592,  0.264858514,  4.421234131E-3,  4.43891907
 15.1359863,  14.8449097,  0.290824562,  2.517700195E-4,  0.2527771
 18.4144287,  18.1539917,  0.253708094,  6.729125977E-3,  6.75604248
 21.6928711,  21.3864746,  0.303234637,  3.162384033E-3,  3.17503357
 24.9866333,  24.6342773,  0.352533787,  1.773834229E-4,  0.178092957
 28.2497559,  27.8514404,  0.402583271,  4.26864624E-3,  4.28572083
 31.5128784,  31.0532837,  0.453560472,  6.034851074E-3,  6.05899048
 34.776001,  34.2704468,  0.504974186,  5.798339844E-4,  0.58215332
 36.3539429,  36.078186,  0.269751579,  6.004333496E-3,  6.02835083
 37.9778442,  37.6867676,  0.285117507,  5.958557129E-3,  5.98239136
 39.6170654,  39.3106689,  0.298746258,  7.648468018E-3,  7.67906189
 41.225647,  40.9192505,  0.312188596,  5.790710449E-3,  5.81387329
 42.8648682,  42.5431519,  0.326285779,  4.570007324E-3,  4.58828735
 44.4121704,  44.0751343,  0.339614421,  2.578735352E-3,  2.58905029
 46.0667114,  45.7143555,  0.354116321,  1.758575439E-3,  1.76560974
 47.6293335,  47.2616577,  0.367908806,  2.326965332E-4,  0.233627319
 49.2532349,  48.8702393,  0.3825562,  4.386901855E-4,  0.440444946
 50.8311768,  50.4328613,  0.396985352,  1.331329346E-3,  1.33665466
 52.4091187,  51.9954834,  0.411555439,  2.07901001E-3,  2.08732605
 54.03302,  53.6040649,  0.426884979,  2.071380615E-3,  2.07966614
 55.6109619,  55.166687,  0.442091733,  2.182006836E-3,  2.19073486
 57.173584,  56.7139893,  0.45722571,  2.368927002E-3,  2.37840271
 58.7362061,  58.2612915,  0.472746253,  2.166748047E-3,  2.17541504
 60.3447876,  59.8545532,  0.488917053,  1.316070557E-3,  1.32133484
 61.87677,  61.3712158,  0.504696786,  8.583068848E-4,  0.861740112
 63.4393921,  62.9185181,  0.521013141,  1.373291016E-4,  0.137878418
 64.9866943,  64.4505005,  0.537561417,  1.365661621E-3,  1.37112427
 66.5493164,  65.9978027,  0.554414332,  2.899169922E-3,  2.9107666
 68.0506592,  67.4838257,  0.571203589,  4.371643066E-3,  4.38912964
 69.5826416,  69.0004883,  0.588411212,  6.256103516E-3,  6.28112793
 71.114624,  70.5018311,  0.606119096,  6.675720215E-3,  6.7024231
 72.6159668,  71.987854,  0.623613238,  4.501342773E-3,  4.51934814
 74.1173096,  73.473877,  0.64167124,  1.762390137E-3,  1.7694397
 75.5880127,  74.9292603,  0.65978384,  1.029968262E-3,  1.03408813
 77.0587158,  76.3846436,  0.678282976,  4.211425781E-3,  4.22827148
 78.5447388,  77.8400269,  0.697282314,  7.431030273E-3,  7.46075439
 79.9848022,  79.2647705,  0.71607703,  3.952026367E-3,  3.96783447
 81.4555054,  80.7201538,  0.735735714,  3.814697266E-4,  0.382995605
 82.880249,  82.1295776,  0.755326271,  4.653930664E-3,  4.67254639
 84.3356323,  83.5543213,  0.775671661,  5.638122559E-3,  5.66067505
 85.7297363,  84.9331055,  0.795662344,  9.689331055E-4,  0.972808838
 87.1238403,  86.3118896,  0.816262424,  4.31060791E-3,  4.32785034
 88.5026245,  87.6600342,  0.837117136,  5.470275879E-3,  5.49215698
 89.9120483,  89.0541382,  0.858544827,  6.332397461E-4,  0.635772705
 91.2601929,  90.3869629,  0.880072534,  6.843566895E-3,  6.87094116
 92.6236572,  91.7197876,  0.902127802,  1.739501953E-3,  1.74645996
 94.0024414,  93.083252,  0.924792409,  5.599975586E-3,  5.62237549
 95.3199463,  94.3701172,  0.94732058,  2.510070801E-3,  2.52011108
 96.6834106,  95.7182617,  0.970867395,  5.722045898E-3,  5.74493408
 97.9549561,  96.9591675,  0.993895829,  1.892089844E-3,  1.8996582
 99.2877808,  98.2766724,  1.01811564,  7.00378418E-3,  7.03179932
 100.544006,  99.5022583,  1.0420717,  3.204345703E-4,  0.321716309
 101.846191,  100.773804,  1.06708288,  5.302429199E-3,  5.32363892
 103.102417,  102.014709,  1.09193933,  4.234313965E-3,  4.25125122
 104.373962,  103.255615,  1.11793268,  4.119873047E-4,  0.413635254
 105.614868,  104.465881,  1.14373505,  5.249023437E-3,  5.27001953
 106.794495,  105.630188,  1.16955566,  5.249023437E-3,  5.27001953
 108.06604,  106.871094,  1.19732249,  2.372741699E-3,  2.38223267
 109.215027,  107.989441,  1.22381604,  1.770019531E-3,  1.77709961
 110.394653,  109.138428,  1.25151014,  4.71496582E-3,  4.73382568
 111.5896,  110.302734,  1.27987731,  6.988525391E-3,  7.01647949
 112.753906,  111.451721,  1.30859005,  6.408691406E-3,  6.43432617
 113.887573,  112.554749,  1.33775759,  4.936218262E-3,  4.95596313
 115.02124,  113.657776,  1.36747074,  4.005432129E-3,  4.02145386
 116.139587,  114.745483,  1.39760232,  3.50189209E-3,  3.51589966
 117.273254,  115.848511,  1.42860699,  3.860473633E-3,  3.87591553
 118.330322,  116.874939,  1.45930243,  3.921508789E-3,  3.93719482
 119.41803,  117.932007,  1.49107111,  5.05065918E-3,  5.07086182
 120.459778,  118.943115,  1.52303982,  6.378173828E-3,  6.40368652
 121.532166,  119.969543,  1.55615449,  6.469726562E-3,  6.49560547
 122.543274,  120.950012,  1.58890545,  4.356384277E-3,  4.37380981
 123.569702,  121.945801,  1.62275684,  1.14440918E-3,  1.14898682
 124.565491,  122.91095,  1.65714478,  2.601623535E-3,  2.61203003
 125.545959,  123.860779,  1.69182384,  6.645202637E-3,  6.67178345
 126.480469,  124.749329,  1.72681212,  4.325866699E-3,  4.34317017
 127.476257,  125.714478,  1.76326466,  1.487731934E-3,  1.49368286
 128.426086,  126.633667,  1.79985368,  7.431030273E-3,  7.46075439
 129.360596,  127.522217,  1.83736122,  1.022338867E-3,  1.02642822
 130.295105,  128.426086,  1.87523258,  6.210327148E-3,  6.23516846
 131.168335,  129.253357,  1.913113,  1.861572266E-3,  1.86901855
 132.133484,  130.172546,  1.95344913,  7.49206543E-3,  7.52203369
 132.991394,  130.999817,  1.99254823,  9.765625E-4,  0.98046875
 133.895264,  131.857727,  2.03383923,  3.692626953E-3,  3.70739746
 134.737854,  132.669678,  2.07443929,  6.256103516E-3,  6.28112793
 135.626404,  133.512268,  2.11720371,  3.067016602E-3,  3.07928467
 136.468994,  134.308899,  2.15972257,  3.662109375E-4,  0.367675781
 137.326904,  135.12085,  2.20351458,  2.532958984E-3,  2.54309082
 138.154175,  135.902161,  2.24774337,  4.272460937E-3,  4.28955078
 138.966125,  136.668152,  2.29248142,  5.493164062E-3,  5.51513672
 139.762756,  137.418823,  2.3381381,  5.798339844E-3,  5.8215332
 140.574707,  138.184814,  2.3849771,  4.913330078E-3,  4.9329834
 141.371338,  138.935486,  2.43255281,  3.295898437E-3,  3.30908203
 142.152649,  139.670837,  2.48082876,  9.765625E-4,  0.98046875
 142.91864,  140.390869,  2.52988696,  2.12097168E-3,  2.12945557
 143.653992,  141.080261,  2.57923603,  5.508422852E-3,  5.53045654
 144.435303,  141.800293,  2.63096809,  4.043579102E-3,  4.05975342
 145.170654,  142.489685,  2.68195438,  9.918212891E-4,  0.995788574
 145.875366,  143.148438,  2.73417759,  7.247924805E-3,  7.2769165
 146.595398,  143.80719,  2.78769231,  5.187988281E-4,  0.520874023
 147.28479,  144.450623,  2.84115219,  6.988525391E-3,  7.01647949
 147.989502,  145.094055,  2.89675879,  1.312255859E-3,  1.31750488
 148.663574,  145.706848,  2.95218349,  4.547119141E-3,  4.56530762
 149.322327,  146.319641,  3.00860858,  5.920410156E-3,  5.9440918
 149.996399,  146.932434,  3.06692529,  2.960205078E-3,  2.9720459
 150.639832,  147.514587,  3.12522388,  1.525878906E-5,  1.531982422E-2
 151.267944,  148.081421,  3.18439555,  2.12097168E-3,  2.12945557
 151.911377,  148.663574,  3.24525905,  2.548217773E-3,  2.55841064
 152.49353,  149.184448,  3.3055768,  3.509521484E-3,  3.52355957
 153.106323,  149.735962,  3.36825895,  2.105712891E-3,  2.11413574
 153.703796,  150.272156,  3.43172359,  7.629394531E-5,  7.659912109E-2
 154.25531,  150.76239,  3.49509716,  2.182006836E-3,  2.19073486
 154.837463,  151.283264,  3.56058073,  6.378173828E-3,  6.40368652
 155.343018,  151.712219,  3.62555504,  5.249023437E-3,  5.27001953
 155.879211,  152.187134,  3.69200277,  7.629394531E-5,  7.659912109E-2
 156.369446,  152.616089,  3.75897789,  5.615234375E-3,  5.63769531
 156.84436,  153.014404,  3.82688093,  3.082275391E-3,  3.09460449
 157.288635,  153.3974,  3.89482021,  3.58581543E-3,  3.60015869
 157.71759,  153.749756,  3.96388721,  3.952026367E-3,  3.96783447
 158.177185,  154.148071,  4.03464603,  5.53894043E-3,  5.56109619
 158.544861,  154.439148,  4.10489511,  8.239746094E-4,  0.827270508
 158.943176,  154.760864,  4.17649078,  5.828857422E-3,  5.85217285
 159.310852,  155.067261,  4.24866819,  5.081176758E-3,  5.10150146
 159.647888,  155.327698,  4.32157326,  1.388549805E-3,  1.394104
 159.969604,  155.572815,  4.39462376,  2.166748047E-3,  2.17541504
 160.306641,  155.833252,  4.46980286,  3.58581543E-3,  3.60015869
 160.597717,  156.047729,  4.54463577,  5.355834961E-3,  5.3772583
 160.827515,  156.216248,  4.61870527,  7.431030273E-3,  7.46075439
 161.103271,  156.400085,  4.69584846,  7.339477539E-3,  7.36883545
 161.317749,  156.553284,  4.77159119,  7.125854492E-3,  7.15435791
 161.547546,  156.691162,  4.84998941,  6.393432617E-3,  6.41900635
 161.700745,  156.767761,  4.92582321,  7.15637207E-3,  7.18499756
 161.915222,  156.90564,  5.00578594,  3.799438477E-3,  3.81463623
 162.037781,  156.951599,  5.08307505,  3.112792969E-3,  3.12524414
 162.190979,  157.028198,  5.16327429,  4.8828125E-4,  0.490234375
 162.313538,  157.074158,  5.24363708,  4.257202148E-3,  4.27423096
 162.405457,  157.089478,  5.32359982,  7.614135742E-3,  7.64459229
 162.497375,  157.089478,  5.40472698,  3.173828125E-3,  3.18652344
 162.528015,  157.043518,  5.48418045,  3.204345703E-4,  0.321716309
 162.589294,  157.028198,  5.56676245,  5.661010742E-3,  5.68365479
 162.589294,  156.936279,  5.64767122,  5.340576172E-3,  5.36193848
 162.619934,  156.89032,  5.73054409,  9.307861328E-4,  0.934509277
 162.573975,  156.767761,  5.81156206,  5.355834961E-3,  5.3772583
 162.558655,  156.660522,  5.8951993,  2.9296875E-3,  2.94140625
 162.573975,  156.599243,  5.98025513,  5.523681641E-3,  5.54577637
 162.543335,  156.476685,  6.06542015,  1.235961914E-3,  1.24090576
 162.482056,  156.338806,  6.14905739,  5.813598633E-3,  5.83685303
 162.466736,  156.231567,  6.23651409,  1.342773437E-3,  1.34814453
 162.405457,  156.078369,  6.32237053,  4.71496582E-3,  4.73382568
 162.328857,  155.925171,  6.40877247,  5.081176758E-3,  5.10150146
 162.282898,  155.787292,  6.49739361,  1.78527832E-3,  1.79241943
 162.206299,  155.618774,  6.58590603,  1.617431641E-3,  1.62390137
 162.11438,  155.434937,  6.6737628,  5.676269531E-3,  5.69897461
 162.053101,  155.281738,  6.76453066,  6.8359375E-3,  6.86328125
 161.945862,  155.0979,  6.85377026,  5.813598633E-3,  5.83685303
 161.838623,  154.898743,  6.94475603,  4.8828125E-3,  4.90234375
 161.746704,  154.714905,  7.03705168,  5.249023437E-3,  5.27001953
 161.608826,  154.485107,  7.12683678,  3.112792969E-3,  3.12524414
 161.501587,  154.28595,  7.22026014,  4.623413086E-3,  4.64190674
 161.379028,  154.071472,  7.31331968,  5.767822266E-3,  5.79089355
 161.24115,  153.841675,  7.40641546,  6.942749023E-3,  6.97052002
 161.087952,  153.581238,  7.49962044,  7.095336914E-3,  7.12371826
 160.950073,  153.35144,  7.59351683,  5.111694336E-3,  5.13214111
 160.781555,  153.091003,  7.68723106,  3.326416016E-3,  3.33972168
 160.674316,  152.891846,  7.78556585,  3.09753418E-3,  3.10992432
 160.459839,  152.585449,  7.87866163,  4.272460937E-3,  4.28955078
 160.291321,  152.309692,  7.97506809,  6.561279297E-3,  6.58752441
 160.107483,  152.033936,  8.07049179,  3.051757812E-3,  3.06396484
 159.954285,  151.788818,  8.16919041,  3.723144531E-3,  3.73803711
 159.693848,  151.436462,  8.26199532,  4.608154297E-3,  4.62658691
 159.52533,  151.160706,  8.36222172,  2.395629883E-3,  2.4052124
 159.310852,  150.854309,  8.45815563,  1.617431641E-3,  1.62390137
 159.081055,  150.532593,  8.55507088,  6.607055664E-3,  6.63348389
 158.897217,  150.241516,  8.65580654,  1.068115234E-4,  0.10723877
 158.682739,  149.93512,  8.75475979,  7.141113281E-3,  7.16967773
 158.437622,  149.582764,  8.85134792,  3.509521484E-3,  3.52355957
 158.253784,  149.307007,  8.95404816,  7.263183594E-3,  7.29223633
 158.039307,  148.985291,  9.05511093,  1.098632813E-3,  1.10302734
 157.809509,  148.648254,  9.15504646,  6.210327148E-3,  6.23516846
 157.595032,  148.341858,  9.25632763,  3.158569336E-3,  3.17120361
 157.349915,  147.989502,  9.35731792,  3.09753418E-3,  3.10992432
 157.181396,  147.713745,  9.46325588,  4.39453125E-3,  4.41210938
 156.951599,  147.392029,  9.56541061,  5.844116211E-3,  5.86749268
 156.721802,  147.054993,  9.66909313,  2.288818359E-3,  2.29797363
 156.507324,  146.733276,  9.77379417,  2.593994141E-4,  0.260437012
 156.277527,  146.39624,  9.87762165,  3.662109375E-3,  3.67675781
 156.047729,  146.059204,  9.98166752,  6.851196289E-3,  6.87860107
 155.833252,  145.737488,  10.0883331,  7.431030273E-3,  7.46075439
 155.618774,  145.431091,  10.1947079,  7.019042969E-3,  7.04711914
 155.373657,  145.078735,  10.301301,  6.378173828E-3,  6.40368652
 155.1745,  144.772339,  10.4097853,  7.629394531E-3,  7.65991211
 154.944702,  144.419983,  10.5175419,  7.171630859E-3,  7.20031738
 154.730225,  144.113586,  10.6242075,  7.568359375E-3,  7.59863281
 154.500427,  143.76123,  10.7346573,  4.547119141E-3,  4.56530762
 154.27063,  143.424194,  10.8413954,  5.035400391E-3,  5.05554199
 154.040833,  143.087158,  10.9508982,  2.777099609E-3,  2.78820801
 153.826355,  142.765442,  11.061202,  2.899169922E-4,  0.29107666
 153.611877,  142.443726,  11.1733971,  5.249023437E-3,  5.27001953
 153.36676,  142.09137,  11.2822456,  6.851196289E-3,  6.87860107
 153.152283,  141.754333,  11.394804,  3.143310547E-3,  3.15588379
 152.891846,  141.386658,  11.5014696,  3.723144531E-3,  3.73803711
 152.692688,  141.080261,  11.6170845,  4.653930664E-3,  4.67254639
 152.462891,  140.727905,  11.7292805,  5.706787109E-3,  5.72961426
 152.217773,  140.375549,  11.8389292,  3.295898437E-3,  3.30908203
 152.003296,  140.053833,  11.9538164,  4.348754883E-3,  4.3661499
 151.788818,  139.716797,  12.0686312,  3.387451172E-3,  3.40100098
 151.574341,  139.395081,  12.1830816,  3.814697266E-3,  3.82995605
 151.390503,  139.088684,  12.3019705,  1.525878906E-4,  0.153198242
 151.145386,  138.736328,  12.4138021,  4.745483398E-3,  4.76446533
 150.884949,  138.353333,  12.5257063,  5.905151367E-3,  5.92877197
 150.701111,  138.062256,  12.6443043,  5.447387695E-3,  5.46917725
 150.501953,  137.74054,  12.7631207,  1.708984375E-3,  1.71582031
 150.302795,  137.418823,  12.8812828,  2.685546875E-3,  2.69628906
 150.103638,  137.097107,  12.9998808,  6.652832031E-3,  6.67944336
 149.87384,  136.760071,  13.1154957,  1.724243164E-3,  1.73114014
 149.705322,  136.468994,  13.2388964,  2.563476562E-3,  2.57373047
 149.475525,  136.116638,  13.3554564,  3.433227539E-3,  3.44696045
 149.307007,  135.825562,  13.4785662,  2.883911133E-3,  2.89544678
 149.06189,  135.473206,  13.593235,  4.547119141E-3,  4.56530762
 148.893372,  135.166809,  13.7194729,  7.095336914E-3,  7.12371826
 148.724854,  134.891052,  13.8414907,  7.690429687E-3,  7.72119141
 148.525696,  134.554016,  13.9647455,  6.927490234E-3,  6.9552002
 148.357178,  134.262939,  14.0882187,  6.011962891E-3,  6.03601074
 148.1427,  133.941223,  14.2080536,  6.576538086E-3,  6.60284424
 147.943542,  133.604187,  14.3321085,  7.247924805E-3,  7.2769165
 147.805664,  133.34375,  14.4605293,  1.388549805E-3,  1.394104
 147.606506,  133.022034,  14.5825472,  1.922607422E-3,  1.93029785
 147.468628,  132.761597,  14.7146788,  7.64465332E-3,  7.67523193
 147.26947,  132.424561,  14.8375692,  7.339477539E-3,  7.36883545
 147.100952,  132.133484,  14.9631519,  4.318237305E-3,  4.33551025
 146.947754,  131.857727,  15.0932465,  3.219604492E-3,  3.23248291
 146.794556,  131.56665,  15.2234859,  4.425048828E-3,  4.44274902
 146.626038,  131.275574,  15.3506699,  2.136230469E-4,  0.214477539
 146.488159,  130.999817,  15.48382,  4.516601562E-3,  4.53466797
 146.304321,  130.69342,  15.6092577,  1.647949219E-3,  1.65454102
 146.135803,  130.402344,  15.7386236,  5.157470703E-3,  5.17810059
 145.997925,  130.126587,  15.8733749,  2.044677734E-3,  2.05285645
 145.860046,  129.85083,  16.0062332,  2.990722656E-3,  3.00268555
 145.706848,  129.575073,  16.1361828,  4.409790039E-3,  4.4274292
 145.50769,  129.238037,  16.2640934,  5.554199219E-3,  5.57641602
 145.385132,  128.9776,  16.4011726,  6.362915039E-3,  6.3883667
 145.170654,  128.640564,  16.5235538,  6.530761719E-3,  6.55688477
 145.002136,  128.349487,  16.656414,  3.768920898E-3,  3.78399658
 144.772339,  127.997131,  16.7796688,  4.455566406E-3,  4.47338867
 144.573181,  127.660095,  16.9074345,  5.645751953E-3,  5.66833496
 144.419983,  127.384338,  17.0411663,  5.523681641E-3,  5.54577637
 144.205505,  127.031982,  17.168787,  4.730224609E-3,  4.74914551
 143.960388,  126.679626,  17.287529,  6.774902344E-3,  6.80200195
 143.79187,  126.37323,  17.4235897,  4.943847656E-3,  4.96362305
 143.531433,  125.990234,  17.5413151,  1.220703125E-4,  0.122558594
 143.362915,  125.683838,  17.6756287,  3.448486328E-3,  3.46228027
 143.087158,  125.300842,  17.7900066,  3.692626953E-3,  3.70739746
 142.872681,  124.948486,  17.9199562,  4.241943359E-3,  4.25891113
 142.627563,  124.59613,  18.0388451,  7.415771484E-3,  7.44543457
 142.367126,  124.213135,  18.1613731,  7.385253906E-3,  7.41479492
 142.137329,  123.845459,  18.2854996,  6.378173828E-3,  6.40368652
 141.892212,  123.493103,  18.405117,  6.011962891E-3,  6.03601074
 141.647095,  123.125427,  18.5292454,  7.583618164E-3,  7.61395264
 141.340698,  122.696472,  18.6399841,  4.241943359E-3,  4.25891113
 141.080261,  122.328796,  18.7590199,  7.553100586E-3,  7.58331299
